40
1
1
serial
K8
lloaded
1
11 STREAMING 0 8 4 1 1 0 0 3889071176 3929421206 full
1
5
serial
K64
balanced
2
11 STREAMING 0 8 4 1 1 0 0 1688694210 1220270901 llc
8 STRIDED 0 64 2 4 1 256 0 1531847881 1688694210 recall
1 STREAMING 0 8 2 4 4 0 0 620903212 1531847881 full
2 STREAMING 0 8 1 2 1 0 0 2425158361 620903212 full
7 STRIDED 0 4 1 2 4 128 0 69160080 2425158361 recall
1
3
serial
K256
balanced
3
8 STRIDED 0 64 2 4 1 256 0 2758631458 4171431430 recall
4 STRIDED 0 8 2 2 4 64 0 3022772436 2758631458 llc
0 IRREGULAR 0 16 2 2 2 0 0 2628031256 3022772436 full
1
2
serial
M2
lutil
1
1 STREAMING 0 8 2 4 4 0 0 772115258 602713760 recall
0 IRREGULAR 0 16 2 2 2 0 0 2529600954 772115258 full
1
2
serial
K1
lloaded
2
8 STRIDED 0 64 2 4 1 256 0 310367803 2082123000 full
4 STRIDED 0 8 2 2 4 64 0 2247760446 310367803 recall
2
1
serial
K16
balanced
3
6 STRIDED 0 32 4 1 4 128 0 390325992 3792966298 none
2
serial
K8
balanced
1
8 STRIDED 0 64 2 4 1 256 0 3038309397 3898363942 recall
1 STREAMING 0 8 2 4 4 0 0 173552297 3038309397 llc
2
8
serial
K32
preferred
3
11 STREAMING 0 8 4 1 1 0 0 1733375292 3615660759 llc
2 STREAMING 0 8 1 2 1 0 0 2502610844 1733375292 recall
3 STREAMING 0 64 2 4 2 0 0 719430231 2502610844 llc
5 STREAMING 0 8 2 2 4 0 0 2572254041 719430231 llc
10 STRIDED 0 16 1 2 1 512 0 3177625231 2572254041 recall
8 STRIDED 0 64 2 4 1 256 0 3496157960 3177625231 none
7 STRIDED 0 4 1 2 4 128 0 1027181115 3496157960 full
1 STREAMING 0 8 2 4 4 0 0 4266066385 1027181115 none
4
serial
K32
preferred
1
6 STRIDED 0 32 4 1 4 128 0 2953787309 3907065095 recall
0 IRREGULAR 0 16 2 2 2 0 0 3049236606 2953787309 llc
4 STRIDED 0 8 2 2 4 64 0 2477157477 3049236606 llc
9 STREAMING 0 64 2 1 4 0 0 689772764 2477157477 full
2
1
serial
K512
preferred
3
2 STREAMING 0 8 1 2 1 0 0 1810348751 3524929352 recall
8
serial
K512
preferred
1
9 STREAMING 0 64 2 1 4 0 0 2213777710 4219445491 llc
6 STRIDED 0 32 4 1 4 128 0 231628369 2213777710 llc
3 STREAMING 0 64 2 4 2 0 0 679772462 231628369 llc
11 STREAMING 0 8 4 1 1 0 0 2667730605 679772462 recall
1 STREAMING 0 8 2 4 4 0 0 2862344503 2667730605 recall
10 STRIDED 0 16 1 2 1 512 0 2147287319 2862344503 full
7 STRIDED 0 4 1 2 4 128 0 3460272586 2147287319 llc
0 IRREGULAR 0 16 2 2 2 0 0 2326617451 3460272586 full
2
3
serial
M4
preferred
1
4 STRIDED 0 8 2 2 4 64 0 1507534491 742936026 none
11 STREAMING 0 8 4 1 1 0 0 611446163 1507534491 none
9 STREAMING 0 64 2 1 4 0 0 2117957074 611446163 llc
6
serial
M4
preferred
2
10 STRIDED 0 16 1 2 1 512 0 916357924 3563993433 full
8 STRIDED 0 64 2 4 1 256 0 805821202 916357924 full
3 STREAMING 0 64 2 4 2 0 0 2570636922 805821202 none
0 IRREGULAR 0 16 2 2 2 0 0 622604292 2570636922 full
1 STREAMING 0 8 2 4 4 0 0 1276376707 622604292 recall
5 STREAMING 0 8 2 2 4 0 0 228880617 1276376707 recall
2
5
serial
M2
balanced
3
7 STRIDED 0 4 1 2 4 128 0 134641417 2001374749 none
6 STRIDED 0 32 4 1 4 128 0 2767469452 134641417 recall
8 STRIDED 0 64 2 4 1 256 0 3729386890 2767469452 none
2 STREAMING 0 8 1 2 1 0 0 3836425997 3729386890 full
5 STREAMING 0 8 2 2 4 0 0 2635627831 3836425997 full
3
serial
M4
balanced
2
10 STRIDED 0 16 1 2 1 512 0 73048668 2839894765 recall
0 IRREGULAR 0 16 2 2 2 0 0 4040346132 73048668 llc
4 STRIDED 0 8 2 2 4 64 0 3878166266 4040346132 none
3
1
serial
K8
balanced
3
8 STRIDED 0 64 2 4 1 256 0 694717197 1683589804 recall
1
serial
K8
balanced
2
6 STRIDED 0 32 4 1 4 128 0 2262138267 3627275423 none
1
serial
K8
balanced
1
4 STRIDED 0 8 2 2 4 64 0 4158775409 2369285209 recall
3
7
serial
K64
lloaded
3
10 STRIDED 0 16 1 2 1 512 0 3188313821 1922006894 llc
11 STREAMING 0 8 4 1 1 0 0 2884233037 3188313821 llc
2 STREAMING 0 8 1 2 1 0 0 3040634924 2884233037 full
7 STRIDED 0 4 1 2 4 128 0 3636748758 3040634924 none
6 STRIDED 0 32 4 1 4 128 0 2802069803 3636748758 none
9 STREAMING 0 64 2 1 4 0 0 4280865277 2802069803 recall
4 STRIDED 0 8 2 2 4 64 0 3433558135 4280865277 full
2
serial
K64
lloaded
2
8 STRIDED 0 64 2 4 1 256 0 3710740141 4124231160 full
0 IRREGULAR 0 16 2 2 2 0 0 1246037205 3710740141 recall
2
serial
K128
lloaded
1
1 STREAMING 0 8 2 4 4 0 0 2959056442 477990032 recall
5 STREAMING 0 8 2 2 4 0 0 1905689394 2959056442 llc
3
8
serial
K256
preferred
3
2 STREAMING 0 8 1 2 1 0 0 215515939 4007296107 full
9 STREAMING 0 64 2 1 4 0 0 467043878 215515939 llc
6 STRIDED 0 32 4 1 4 128 0 1471809555 467043878 full
8 STRIDED 0 64 2 4 1 256 0 1242726004 1471809555 none
10 STRIDED 0 16 1 2 1 512 0 1903012926 1242726004 none
7 STRIDED 0 4 1 2 4 128 0 2148869947 1903012926 full
11 STREAMING 0 8 4 1 1 0 0 919221389 2148869947 recall
1 STREAMING 0 8 2 4 4 0 0 255439307 919221389 recall
1
serial
K256
preferred
1
4 STRIDED 0 8 2 2 4 64 0 3297720513 1577442975 recall
3
serial
K256
preferred
1
3 STREAMING 0 64 2 4 2 0 0 4103125874 1962892501 none
0 IRREGULAR 0 16 2 2 2 0 0 3198270380 4103125874 full
5 STREAMING 0 8 2 2 4 0 0 3099263410 3198270380 none
3
9
serial
M1
balanced
3
2 STREAMING 0 8 1 2 1 0 0 2682914562 2176113442 none
3 STREAMING 0 64 2 4 2 0 0 3380433333 2682914562 none
7 STRIDED 0 4 1 2 4 128 0 2476261405 3380433333 llc
9 STREAMING 0 64 2 1 4 0 0 3315299149 2476261405 full
11 STREAMING 0 8 4 1 1 0 0 2023298371 3315299149 recall
5 STREAMING 0 8 2 2 4 0 0 1281916892 2023298371 recall
8 STRIDED 0 64 2 4 1 256 0 538036908 1281916892 recall
6 STRIDED 0 32 4 1 4 128 0 824812643 538036908 llc
10 STRIDED 0 16 1 2 1 512 0 211286870 824812643 none
2
serial
M1
balanced
1
0 IRREGULAR 0 16 2 2 2 0 0 2460457412 2371228489 llc
1 STREAMING 0 8 2 4 4 0 0 3787693204 2460457412 none
1
serial
M1
balanced
2
4 STRIDED 0 8 2 2 4 64 0 2947656979 3974999940 llc
3
6
serial
M1
lloaded
3
1 STREAMING 0 8 2 4 4 0 0 14197056 2076794051 recall
3 STREAMING 0 64 2 4 2 0 0 148254051 14197056 none
11 STREAMING 0 8 4 1 1 0 0 890805173 148254051 none
2 STREAMING 0 8 1 2 1 0 0 2799356788 890805173 none
10 STRIDED 0 16 1 2 1 512 0 3368541302 2799356788 llc
6 STRIDED 0 32 4 1 4 128 0 820925507 3368541302 full
3
serial
K64
lloaded
1
9 STREAMING 0 64 2 1 4 0 0 3443706706 1298147238 full
7 STRIDED 0 4 1 2 4 128 0 3133526217 3443706706 none
0 IRREGULAR 0 16 2 2 2 0 0 3742780236 3133526217 recall
2
serial
M2
lloaded
3
4 STRIDED 0 8 2 2 4 64 0 260938976 3746374714 none
5 STREAMING 0 8 2 2 4 0 0 3890883223 260938976 none
4
2
serial
K1
preferred
3
8 STRIDED 0 64 2 4 1 256 0 7171031 2745741280 full
1 STREAMING 0 8 2 4 4 0 0 4271894161 7171031 llc
2
serial
K8
preferred
1
11 STREAMING 0 8 4 1 1 0 0 2048474143 3240341719 recall
6 STRIDED 0 32 4 1 4 128 0 3149997403 2048474143 recall
3
serial
K8
preferred
2
4 STRIDED 0 8 2 2 4 64 0 2998624056 4120663047 recall
0 IRREGULAR 0 16 2 2 2 0 0 1936602779 2998624056 llc
3 STREAMING 0 64 2 4 2 0 0 255534313 1936602779 recall
2
serial
K4
preferred
1
2 STREAMING 0 8 1 2 1 0 0 3229715058 1602794929 full
5 STREAMING 0 8 2 2 4 0 0 2599026101 3229715058 llc
4
4
serial
K32
balanced
3
8 STRIDED 0 64 2 4 1 256 0 2755405043 3495403318 none
4 STRIDED 0 8 2 2 4 64 0 2824912333 2755405043 full
9 STREAMING 0 64 2 1 4 0 0 374343646 2824912333 recall
10 STRIDED 0 16 1 2 1 512 0 441731194 374343646 llc
4
serial
K32
balanced
2
5 STREAMING 0 8 2 2 4 0 0 1310530549 2402811795 none
11 STREAMING 0 8 4 1 1 0 0 3931856678 1310530549 none
3 STREAMING 0 64 2 4 2 0 0 1977268561 3931856678 none
0 IRREGULAR 0 16 2 2 2 0 0 3260129449 1977268561 llc
1
serial
K64
balanced
2
2 STREAMING 0 8 1 2 1 0 0 1242184060 1451898801 full
1
serial
K32
balanced
2
7 STRIDED 0 4 1 2 4 128 0 487191145 4194444601 full
4
3
serial
K512
balanced
1
7 STRIDED 0 4 1 2 4 128 0 1041360706 1372389982 full
5 STREAMING 0 8 2 2 4 0 0 3298126513 1041360706 full
3 STREAMING 0 64 2 4 2 0 0 1410436981 3298126513 full
4
serial
K512
balanced
1
1 STREAMING 0 8 2 4 4 0 0 4162242154 2990085019 recall
6 STRIDED 0 32 4 1 4 128 0 3275418922 4162242154 full
8 STRIDED 0 64 2 4 1 256 0 2681563093 3275418922 full
0 IRREGULAR 0 16 2 2 2 0 0 6526632 2681563093 none
1
serial
K256
balanced
2
11 STREAMING 0 8 4 1 1 0 0 669106236 2885643045 recall
3
serial
K256
balanced
3
2 STREAMING 0 8 1 2 1 0 0 1473934202 3338049863 llc
10 STRIDED 0 16 1 2 1 512 0 1493592832 1473934202 llc
4 STRIDED 0 8 2 2 4 64 0 2102326212 1493592832 recall
4
4
serial
M4
lutil
3
8 STRIDED 0 64 2 4 1 256 0 2899793867 2482855651 none
1 STREAMING 0 8 2 4 4 0 0 1093338199 2899793867 recall
4 STRIDED 0 8 2 2 4 64 0 1995639357 1093338199 llc
6 STRIDED 0 32 4 1 4 128 0 712714138 1995639357 llc
2
serial
M1
lutil
3
7 STRIDED 0 4 1 2 4 128 0 217552750 538096702 none
0 IRREGULAR 0 16 2 2 2 0 0 2859580869 217552750 llc
3
serial
M4
lutil
2
11 STREAMING 0 8 4 1 1 0 0 2700906261 3007281672 llc
3 STREAMING 0 64 2 4 2 0 0 1676458981 2700906261 llc
10 STRIDED 0 16 1 2 1 512 0 356531951 1676458981 recall
2
serial
M2
lutil
1
5 STREAMING 0 8 2 2 4 0 0 3651045534 4153424712 none
2 STREAMING 0 8 1 2 1 0 0 3550807802 3651045534 recall
4
3
serial
M2
balanced
2
0 IRREGULAR 0 16 2 2 2 0 0 3328836173 2747865146 full
11 STREAMING 0 8 4 1 1 0 0 846398421 3328836173 recall
7 STRIDED 0 4 1 2 4 128 0 1735195187 846398421 none
3
serial
K16
balanced
2
4 STRIDED 0 8 2 2 4 64 0 2666301146 3564038080 none
9 STREAMING 0 64 2 1 4 0 0 229172042 2666301146 recall
3 STREAMING 0 64 2 4 2 0 0 1363820659 229172042 none
1
serial
K1
balanced
1
2 STREAMING 0 8 1 2 1 0 0 3913027215 921189007 none
1
serial
K256
balanced
2
6 STRIDED 0 32 4 1 4 128 0 1357508033 1954310087 recall
6
5
serial
K8
lloaded
1
11 STREAMING 0 8 4 1 1 0 0 4225373700 2872815050 none
0 IRREGULAR 0 16 2 2 2 0 0 4167804457 4225373700 none
2 STREAMING 0 8 1 2 1 0 0 1925294013 4167804457 full
8 STRIDED 0 64 2 4 1 256 0 695436063 1925294013 full
7 STRIDED 0 4 1 2 4 128 0 2429052882 695436063 recall
2
serial
K16
lloaded
1
10 STRIDED 0 16 1 2 1 512 0 89396045 1344216804 full
3 STREAMING 0 64 2 4 2 0 0 3316238767 89396045 none
2
serial
K4
lloaded
1
5 STREAMING 0 8 2 2 4 0 0 3733786788 1229246922 recall
6 STRIDED 0 32 4 1 4 128 0 3528326808 3733786788 llc
1
serial
K2
lloaded
2
9 STREAMING 0 64 2 1 4 0 0 1487899252 3946597959 full
1
serial
K2
lloaded
3
1 STREAMING 0 8 2 4 4 0 0 2579863817 3017594727 none
1
serial
K1
lloaded
1
4 STRIDED 0 8 2 2 4 64 0 444158634 1803635877 none
6
2
serial
K32
preferred
3
4 STRIDED 0 8 2 2 4 64 0 3781017292 4232929594 none
7 STRIDED 0 4 1 2 4 128 0 3669906386 3781017292 none
2
serial
K128
preferred
2
2 STREAMING 0 8 1 2 1 0 0 3742826892 2459469392 llc
5 STREAMING 0 8 2 2 4 0 0 2242560120 3742826892 llc
5
serial
K64
preferred
2
11 STREAMING 0 8 4 1 1 0 0 82700172 1723426323 recall
8 STRIDED 0 64 2 4 1 256 0 3813028487 82700172 full
1 STREAMING 0 8 2 4 4 0 0 1869481876 3813028487 llc
10 STRIDED 0 16 1 2 1 512 0 1554347669 1869481876 full
3 STREAMING 0 64 2 4 2 0 0 1170024947 1554347669 none
1
serial
K64
preferred
2
9 STREAMING 0 64 2 1 4 0 0 2754606298 3130340901 recall
1
serial
K64
preferred
3
6 STRIDED 0 32 4 1 4 128 0 1796752692 1371981726 llc
1
serial
K64
preferred
2
0 IRREGULAR 0 16 2 2 2 0 0 512185234 3062487087 llc
6
7
serial
K256
lloaded
1
11 STREAMING 0 8 4 1 1 0 0 2556965386 70765772 recall
8 STRIDED 0 64 2 4 1 256 0 1844274375 2556965386 none
2 STREAMING 0 8 1 2 1 0 0 194210219 1844274375 none
6 STRIDED 0 32 4 1 4 128 0 244506297 194210219 full
4 STRIDED 0 8 2 2 4 64 0 2912481808 244506297 llc
10 STRIDED 0 16 1 2 1 512 0 2282730913 2912481808 recall
5 STREAMING 0 8 2 2 4 0 0 3496304956 2282730913 recall
1
serial
K256
lloaded
2
7 STRIDED 0 4 1 2 4 128 0 879265041 980122887 full
1
serial
K512
lloaded
3
0 IRREGULAR 0 16 2 2 2 0 0 648434084 2479251814 recall
1
serial
K512
lloaded
3
1 STREAMING 0 8 2 4 4 0 0 3996602554 3826738085 recall
1
serial
K256
lloaded
2
3 STREAMING 0 64 2 4 2 0 0 3019517896 433373293 none
1
serial
K256
lloaded
2
9 STREAMING 0 64 2 1 4 0 0 3659725075 3063631451 none
6
1
serial
M1
balanced
3
8 STRIDED 0 64 2 4 1 256 0 2491995306 4201239566 none
4
serial
M4
balanced
1
10 STRIDED 0 16 1 2 1 512 0 2701660262 1601852996 full
7 STRIDED 0 4 1 2 4 128 0 4235127314 2701660262 full
3 STREAMING 0 64 2 4 2 0 0 798054456 4235127314 llc
2 STREAMING 0 8 1 2 1 0 0 1037946289 798054456 full
3
serial
M2
balanced
1
9 STREAMING 0 64 2 1 4 0 0 3341383399 4180204499 llc
6 STRIDED 0 32 4 1 4 128 0 758095423 3341383399 llc
5 STREAMING 0 8 2 2 4 0 0 138278655 758095423 full
2
serial
M4
balanced
1
1 STREAMING 0 8 2 4 4 0 0 785433960 1404615472 none
11 STREAMING 0 8 4 1 1 0 0 53394244 785433960 full
1
serial
M2
balanced
3
4 STRIDED 0 8 2 2 4 64 0 3879216816 3794524961 none
1
serial
M2
balanced
3
0 IRREGULAR 0 16 2 2 2 0 0 38767746 899519770 full
6
2
serial
M4
lutil
2
7 STRIDED 0 4 1 2 4 128 0 768758873 3490381266 recall
1 STREAMING 0 8 2 4 4 0 0 2676539231 768758873 none
1
serial
K256
lutil
1
9 STREAMING 0 64 2 1 4 0 0 2824757907 3179832492 full
1
serial
K4
lutil
3
8 STRIDED 0 64 2 4 1 256 0 477701867 4218305146 llc
4
serial
K16
lutil
3
11 STREAMING 0 8 4 1 1 0 0 4107084506 3356566875 llc
10 STRIDED 0 16 1 2 1 512 0 2529884779 4107084506 recall
0 IRREGULAR 0 16 2 2 2 0 0 2265241502 2529884779 llc
2 STREAMING 0 8 1 2 1 0 0 130759963 2265241502 full
2
serial
K4
lutil
1
4 STRIDED 0 8 2 2 4 64 0 4168184738 2490051926 full
3 STREAMING 0 64 2 4 2 0 0 995274335 4168184738 none
1
serial
K512
lutil
3
6 STRIDED 0 32 4 1 4 128 0 4103816120 3623916299 recall
8
1
serial
K8
lutil
3
9 STREAMING 0 64 2 1 4 0 0 164971298 1949380278 none
2
serial
K4
lutil
1
3 STREAMING 0 64 2 4 2 0 0 292896519 1122042429 full
0 IRREGULAR 0 16 2 2 2 0 0 1658147316 292896519 llc
1
serial
K16
lutil
1
8 STRIDED 0 64 2 4 1 256 0 2435194745 580446089 none
4
serial
K8
lutil
2
6 STRIDED 0 32 4 1 4 128 0 1471707676 3016437436 none
11 STREAMING 0 8 4 1 1 0 0 935677964 1471707676 llc
10 STRIDED 0 16 1 2 1 512 0 2384572692 935677964 none
4 STRIDED 0 8 2 2 4 64 0 2951581073 2384572692 full
1
serial
K8
lutil
3
2 STREAMING 0 8 1 2 1 0 0 1820852726 1847992171 full
1
serial
K1
lutil
2
1 STREAMING 0 8 2 4 4 0 0 3006399350 1074374859 full
1
serial
K8
lutil
3
5 STREAMING 0 8 2 2 4 0 0 1419923498 836611898 llc
1
serial
K2
lutil
3
7 STRIDED 0 4 1 2 4 128 0 2767367393 3978552018 llc
8
1
serial
K64
preferred
2
8 STRIDED 0 64 2 4 1 256 0 35401500 3279707604 none
1
serial
K32
preferred
2
1 STREAMING 0 8 2 4 4 0 0 3595015129 3419434346 recall
2
serial
K128
preferred
1
11 STREAMING 0 8 4 1 1 0 0 3213244125 3642945016 recall
5 STREAMING 0 8 2 2 4 0 0 569445610 3213244125 recall
1
serial
K32
preferred
2
3 STREAMING 0 64 2 4 2 0 0 2526469069 1772073774 llc
2
serial
K32
preferred
1
10 STRIDED 0 16 1 2 1 512 0 509636797 1963998962 full
7 STRIDED 0 4 1 2 4 128 0 3031636005 509636797 llc
3
serial
K64
preferred
2
4 STRIDED 0 8 2 2 4 64 0 4252992290 3259165665 recall
0 IRREGULAR 0 16 2 2 2 0 0 1643995624 4252992290 none
6 STRIDED 0 32 4 1 4 128 0 3892580297 1643995624 none
1
serial
K128
preferred
2
9 STREAMING 0 64 2 1 4 0 0 3608301809 1792938913 full
1
serial
K32
preferred
3
2 STREAMING 0 8 1 2 1 0 0 2510343533 1049114067 recall
8
4
serial
K256
preferred
1
1 STREAMING 0 8 2 4 4 0 0 554277134 1212962218 full
2 STREAMING 0 8 1 2 1 0 0 558669269 554277134 recall
11 STREAMING 0 8 4 1 1 0 0 2549607194 558669269 llc
5 STREAMING 0 8 2 2 4 0 0 2557458688 2549607194 full
2
serial
K512
preferred
2
6 STRIDED 0 32 4 1 4 128 0 3623083103 27509877 llc
7 STRIDED 0 4 1 2 4 128 0 796046470 3623083103 llc
1
serial
K256
preferred
3
4 STRIDED 0 8 2 2 4 64 0 1961869790 3712738059 llc
1
serial
K512
preferred
1
3 STREAMING 0 64 2 4 2 0 0 1917956442 3400461273 recall
1
serial
K512
preferred
3
9 STREAMING 0 64 2 1 4 0 0 111925942 3185952958 none
1
serial
K256
preferred
3
10 STRIDED 0 16 1 2 1 512 0 3727088615 218057320 llc
1
serial
K256
preferred
2
0 IRREGULAR 0 16 2 2 2 0 0 975785841 540509811 recall
1
serial
K256
preferred
2
8 STRIDED 0 64 2 4 1 256 0 1042308207 319832187 none
8
4
serial
M4
balanced
3
9 STREAMING 0 64 2 1 4 0 0 1699213848 2695223089 recall
6 STRIDED 0 32 4 1 4 128 0 4287213778 1699213848 recall
3 STREAMING 0 64 2 4 2 0 0 1609663319 4287213778 full
10 STRIDED 0 16 1 2 1 512 0 1698481689 1609663319 none
2
serial
M1
balanced
3
0 IRREGULAR 0 16 2 2 2 0 0 2824424675 1025818117 recall
2 STREAMING 0 8 1 2 1 0 0 1049409130 2824424675 none
1
serial
M2
balanced
1
7 STRIDED 0 4 1 2 4 128 0 1637378358 1448066904 full
1
serial
M4
balanced
2
5 STREAMING 0 8 2 2 4 0 0 3850096367 4189715814 recall
1
serial
M1
balanced
2
11 STREAMING 0 8 4 1 1 0 0 2133635799 2301788844 recall
1
serial
M2
balanced
1
8 STRIDED 0 64 2 4 1 256 0 3642625400 1687776161 recall
1
serial
M2
balanced
3
4 STRIDED 0 8 2 2 4 64 0 1359363458 266541902 recall
1
serial
M1
balanced
3
1 STREAMING 0 8 2 4 4 0 0 4241915148 4227527262 full
8
2
serial
K8
balanced
2
7 STRIDED 0 4 1 2 4 128 0 2319017676 407262778 none
4 STRIDED 0 8 2 2 4 64 0 3495853863 2319017676 none
1
serial
M2
balanced
2
8 STRIDED 0 64 2 4 1 256 0 1308542327 1947904577 llc
3
serial
K8
balanced
3
0 IRREGULAR 0 16 2 2 2 0 0 4029021011 1106139905 llc
9 STREAMING 0 64 2 1 4 0 0 809907820 4029021011 recall
10 STRIDED 0 16 1 2 1 512 0 4001676467 809907820 recall
1
serial
K256
balanced
3
11 STREAMING 0 8 4 1 1 0 0 4145768170 4007215505 recall
1
serial
M2
balanced
2
1 STREAMING 0 8 2 4 4 0 0 2548568095 452206229 recall
1
serial
K4
balanced
3
2 STREAMING 0 8 1 2 1 0 0 1264497001 926273415 full
1
serial
K4
balanced
1
5 STREAMING 0 8 2 2 4 0 0 2133266698 2456155329 llc
1
serial
K64
balanced
3
6 STRIDED 0 32 4 1 4 128 0 3944116356 3875502668 llc
10
1
serial
K8
lloaded
1
5 STREAMING 0 8 2 2 4 0 0 3839376090 2787164004 none
1
serial
K16
lloaded
3
8 STRIDED 0 64 2 4 1 256 0 2962428538 2018700216 none
2
serial
K2
lloaded
3
0 IRREGULAR 0 16 2 2 2 0 0 1496291135 795990837 llc
10 STRIDED 0 16 1 2 1 512 0 293688917 1496291135 none
1
serial
K1
lloaded
1
2 STREAMING 0 8 1 2 1 0 0 3773158258 3449375745 none
1
serial
K1
lloaded
2
3 STREAMING 0 64 2 4 2 0 0 1626088801 4068179589 full
1
serial
K2
lloaded
3
1 STREAMING 0 8 2 4 4 0 0 3361398183 513024355 full
1
serial
K8
lloaded
1
9 STREAMING 0 64 2 1 4 0 0 3148106973 509081564 recall
1
serial
K8
lloaded
2
6 STRIDED 0 32 4 1 4 128 0 849443072 569727770 none
1
serial
K2
lloaded
3
11 STREAMING 0 8 4 1 1 0 0 3584460581 3496418121 none
1
serial
K16
lloaded
1
7 STRIDED 0 4 1 2 4 128 0 2362513355 480164164 full
10
1
serial
K32
balanced
2
3 STREAMING 0 64 2 4 2 0 0 2547318772 1511880181 none
1
serial
K32
balanced
3
4 STRIDED 0 8 2 2 4 64 0 455472123 3577117732 llc
2
serial
K128
balanced
2
1 STREAMING 0 8 2 4 4 0 0 1633794616 2081658738 llc
0 IRREGULAR 0 16 2 2 2 0 0 477108536 1633794616 full
1
serial
K128
balanced
2
2 STREAMING 0 8 1 2 1 0 0 2956385353 2165092919 recall
1
serial
K32
balanced
2
8 STRIDED 0 64 2 4 1 256 0 2634728055 2497458787 recall
1
serial
K128
balanced
2
10 STRIDED 0 16 1 2 1 512 0 2073715944 3988764506 full
1
serial
K64
balanced
1
9 STREAMING 0 64 2 1 4 0 0 3448993395 2655645650 llc
1
serial
K128
balanced
1
6 STRIDED 0 32 4 1 4 128 0 1586961862 9532483 none
2
serial
K32
balanced
1
7 STRIDED 0 4 1 2 4 128 0 2554645882 2653135388 none
5 STREAMING 0 8 2 2 4 0 0 3914745055 2554645882 llc
1
serial
K32
balanced
3
11 STREAMING 0 8 4 1 1 0 0 949019402 1186053859 none
10
3
serial
K512
lutil
3
10 STRIDED 0 16 1 2 1 512 0 309031601 1683221378 recall
7 STRIDED 0 4 1 2 4 128 0 1500243610 309031601 full
1 STREAMING 0 8 2 4 4 0 0 518650253 1500243610 full
1
serial
K512
lutil
2
4 STRIDED 0 8 2 2 4 64 0 3958518098 141540696 full
1
serial
K512
lutil
3
2 STREAMING 0 8 1 2 1 0 0 3356604936 2244506832 none
1
serial
K512
lutil
2
3 STREAMING 0 64 2 4 2 0 0 3235079833 502849096 llc
1
serial
K256
lutil
3
9 STREAMING 0 64 2 1 4 0 0 1806874990 52035204 llc
1
serial
K512
lutil
2
6 STRIDED 0 32 4 1 4 128 0 2465330893 1919167584 recall
1
serial
K512
lutil
3
0 IRREGULAR 0 16 2 2 2 0 0 4004064683 1363937516 full
1
serial
K256
lutil
3
8 STRIDED 0 64 2 4 1 256 0 2610581781 252734929 recall
1
serial
K512
lutil
1
11 STREAMING 0 8 4 1 1 0 0 1584514601 2131553544 llc
1
serial
K512
lutil
3
5 STREAMING 0 8 2 2 4 0 0 4160595411 2403183968 full
10
2
serial
M4
lloaded
3
6 STRIDED 0 32 4 1 4 128 0 4238054321 4178186217 none
7 STRIDED 0 4 1 2 4 128 0 2966369131 4238054321 recall
1
serial
M2
lloaded
3
5 STREAMING 0 8 2 2 4 0 0 2555436243 3746159092 recall
1
serial
M1
lloaded
1
2 STREAMING 0 8 1 2 1 0 0 3250289959 2200039262 recall
1
serial
M4
lloaded
1
3 STREAMING 0 64 2 4 2 0 0 2877612408 579979478 none
1
serial
M1
lloaded
1
1 STREAMING 0 8 2 4 4 0 0 56609879 2703062325 none
1
serial
M2
lloaded
1
9 STREAMING 0 64 2 1 4 0 0 3764897940 4062939902 full
2
serial
M2
lloaded
1
11 STREAMING 0 8 4 1 1 0 0 1191770878 1606719830 full
8 STRIDED 0 64 2 4 1 256 0 834914265 1191770878 recall
1
serial
M4
lloaded
3
0 IRREGULAR 0 16 2 2 2 0 0 189738212 3462232429 recall
1
serial
M1
lloaded
2
4 STRIDED 0 8 2 2 4 64 0 118078702 4056315091 none
1
serial
M4
lloaded
3
10 STRIDED 0 16 1 2 1 512 0 2332453048 4074948774 llc
10
3
serial
K64
balanced
1
1 STREAMING 0 8 2 4 4 0 0 774280414 3492455049 full
5 STREAMING 0 8 2 2 4 0 0 4058761516 774280414 llc
2 STREAMING 0 8 1 2 1 0 0 2565937749 4058761516 none
1
serial
K16
balanced
1
0 IRREGULAR 0 16 2 2 2 0 0 341889450 2131518705 none
1
serial
K2
balanced
2
7 STRIDED 0 4 1 2 4 128 0 2670705098 2234632733 recall
1
serial
K512
balanced
3
3 STREAMING 0 64 2 4 2 0 0 3897982018 2211451508 recall
1
serial
M4
balanced
2
10 STRIDED 0 16 1 2 1 512 0 1923357709 2458378225 none
1
serial
K512
balanced
2
6 STRIDED 0 32 4 1 4 128 0 4168671610 970894541 full
1
serial
M2
balanced
3
4 STRIDED 0 8 2 2 4 64 0 2619928573 771775550 none
1
serial
K64
balanced
2
11 STREAMING 0 8 4 1 1 0 0 3670123343 1595181249 none
1
serial
K512
balanced
3
9 STREAMING 0 64 2 1 4 0 0 1194386722 3648533474 none
1
serial
K512
balanced
1
8 STRIDED 0 64 2 4 1 256 0 902750981 625594266 recall
12
1
serial
K8
balanced
1
1 STREAMING 0 8 2 4 4 0 0 2357344248 2492057017 none
1
serial
K4
balanced
2
4 STRIDED 0 8 2 2 4 64 0 1208135787 3734028719 recall
1
serial
K8
balanced
3
5 STREAMING 0 8 2 2 4 0 0 2966589693 2932930394 llc
1
serial
K2
balanced
3
0 IRREGULAR 0 16 2 2 2 0 0 1458720701 3899412237 llc
1
serial
K2
balanced
2
11 STREAMING 0 8 4 1 1 0 0 3869993672 803569818 full
1
serial
K2
balanced
1
10 STRIDED 0 16 1 2 1 512 0 2331345155 1701075879 full
1
serial
K16
balanced
2
2 STREAMING 0 8 1 2 1 0 0 3615139178 2946589894 llc
1
serial
K2
balanced
2
6 STRIDED 0 32 4 1 4 128 0 1995045755 1561181647 full
1
serial
K2
balanced
3
9 STREAMING 0 64 2 1 4 0 0 2430224206 2034377048 llc
1
serial
K1
balanced
3
7 STRIDED 0 4 1 2 4 128 0 3237559862 22780602 recall
1
serial
K4
balanced
3
8 STRIDED 0 64 2 4 1 256 0 3624796235 356121038 none
1
serial
K4
balanced
1
3 STREAMING 0 64 2 4 2 0 0 4202869730 2795406722 none
12
1
serial
K32
preferred
3
2 STREAMING 0 8 1 2 1 0 0 310956701 1777671334 full
1
serial
K128
preferred
2
10 STRIDED 0 16 1 2 1 512 0 2728337449 3496848722 llc
1
serial
K128
preferred
1
8 STRIDED 0 64 2 4 1 256 0 2240502183 2942435733 none
1
serial
K64
preferred
1
7 STRIDED 0 4 1 2 4 128 0 305695811 2852348601 recall
1
serial
K128
preferred
2
5 STREAMING 0 8 2 2 4 0 0 1110751580 1742719074 none
1
serial
K128
preferred
3
0 IRREGULAR 0 16 2 2 2 0 0 2146220894 3393160467 llc
1
serial
K32
preferred
2
1 STREAMING 0 8 2 4 4 0 0 1169781230 2708176217 none
1
serial
K128
preferred
1
6 STRIDED 0 32 4 1 4 128 0 2282676095 2969084313 recall
1
serial
K128
preferred
3
9 STREAMING 0 64 2 1 4 0 0 1585161222 1640951645 full
1
serial
K128
preferred
1
3 STREAMING 0 64 2 4 2 0 0 2980879156 3470007708 none
1
serial
K64
preferred
3
11 STREAMING 0 8 4 1 1 0 0 1972403769 1138724304 recall
1
serial
K128
preferred
3
4 STRIDED 0 8 2 2 4 64 0 18250398 1155019136 full
12
1
serial
K256
lloaded
3
3 STREAMING 0 64 2 4 2 0 0 78186104 3013007601 full
1
serial
K256
lloaded
1
4 STRIDED 0 8 2 2 4 64 0 1867034759 2193430346 full
1
serial
K512
lloaded
1
0 IRREGULAR 0 16 2 2 2 0 0 3562173212 2854011609 llc
1
serial
K256
lloaded
3
7 STRIDED 0 4 1 2 4 128 0 1819115669 3023261516 recall
1
serial
K512
lloaded
3
8 STRIDED 0 64 2 4 1 256 0 51551260 213236151 llc
1
serial
K512
lloaded
3
11 STREAMING 0 8 4 1 1 0 0 1507583412 3081969040 recall
1
serial
K512
lloaded
2
9 STREAMING 0 64 2 1 4 0 0 2814127323 2566229024 full
1
serial
K256
lloaded
1
10 STRIDED 0 16 1 2 1 512 0 1644044497 4077095810 none
1
serial
K512
lloaded
2
2 STREAMING 0 8 1 2 1 0 0 808572475 2750102462 full
1
serial
K256
lloaded
2
6 STRIDED 0 32 4 1 4 128 0 560192324 170533351 full
1
serial
K256
lloaded
1
5 STREAMING 0 8 2 2 4 0 0 1722186888 3637092249 none
1
serial
K512
lloaded
1
1 STREAMING 0 8 2 4 4 0 0 2786646158 1325612241 recall
12
1
serial
M4
lutil
1
8 STRIDED 0 64 2 4 1 256 0 2380598307 2630957723 recall
1
serial
M4
lutil
1
9 STREAMING 0 64 2 1 4 0 0 769133333 1330441930 full
1
serial
M4
lutil
2
5 STREAMING 0 8 2 2 4 0 0 4261627368 867809148 none
1
serial
M1
lutil
3
0 IRREGULAR 0 16 2 2 2 0 0 3019573823 3030253001 recall
1
serial
M4
lutil
1
10 STRIDED 0 16 1 2 1 512 0 3493847100 2259190331 llc
1
serial
M2
lutil
2
6 STRIDED 0 32 4 1 4 128 0 1354453085 857485064 full
1
serial
M1
lutil
3
1 STREAMING 0 8 2 4 4 0 0 3570231359 3563915947 llc
1
serial
M4
lutil
3
7 STRIDED 0 4 1 2 4 128 0 2015446350 319068730 full
1
serial
M2
lutil
1
4 STRIDED 0 8 2 2 4 64 0 2550493503 1607464350 full
1
serial
M1
lutil
1
2 STREAMING 0 8 1 2 1 0 0 4059095588 61842448 none
1
serial
M1
lutil
2
11 STREAMING 0 8 4 1 1 0 0 3001304585 878206611 none
1
serial
M2
lutil
3
3 STREAMING 0 64 2 4 2 0 0 1067968746 143755967 none
12
1
serial
K4
preferred
3
3 STREAMING 0 64 2 4 2 0 0 1179889872 674741219 llc
1
serial
M4
preferred
3
5 STREAMING 0 8 2 2 4 0 0 503288831 580347368 full
1
serial
K64
preferred
3
2 STREAMING 0 8 1 2 1 0 0 1438618074 1008039723 llc
1
serial
K128
preferred
3
8 STRIDED 0 64 2 4 1 256 0 2544783592 4237306683 llc
1
serial
M1
preferred
2
11 STREAMING 0 8 4 1 1 0 0 1737222217 3009002694 recall
1
serial
M1
preferred
2
4 STRIDED 0 8 2 2 4 64 0 3614966950 832774947 full
1
serial
K4
preferred
1
9 STREAMING 0 64 2 1 4 0 0 1363831876 1383111719 full
1
serial
M1
preferred
3
0 IRREGULAR 0 16 2 2 2 0 0 3252849557 2869830148 full
1
serial
K32
preferred
1
7 STRIDED 0 4 1 2 4 128 0 1869939148 3394243166 none
1
serial
M2
preferred
2
1 STREAMING 0 8 2 4 4 0 0 4009139415 2982665934 none
1
serial
M1
preferred
2
6 STRIDED 0 32 4 1 4 128 0 2802622493 3845374469 llc
1
serial
K2
preferred
1
10 STRIDED 0 16 1 2 1 512 0 1053863944 2208003008 llc
