40
1
6
serial
K16
preferred
2
3 STRIDED 0 64 2 1 2 128 0 4086983123 3962081527 full
10 STRIDED 0 64 1 4 4 128 0 4165022038 4086983123 full
2 STREAMING 0 8 2 2 1 0 0 4117780348 4165022038 llc
13 STREAMING 0 4 4 2 2 0 0 3462108954 4117780348 full
12 STREAMING 0 64 4 4 1 0 0 1993467587 3462108954 full
6 STREAMING 0 32 1 4 2 0 0 2956767184 1993467587 recall
1
1
serial
K128
balanced
3
14 IRREGULAR 0 16 2 4 4 0 0 3075123769 3244011555 llc
1
7
serial
K512
balanced
2
13 STREAMING 0 4 4 2 2 0 0 1972590812 2540220492 full
7 IRREGULAR 3 8 1 4 1 0 0 2470822286 1972590812 none
14 IRREGULAR 0 16 2 4 4 0 0 3200131536 2470822286 recall
15 IRREGULAR 0 64 1 4 4 0 0 1011782042 3200131536 recall
6 STREAMING 0 32 1 4 2 0 0 1245337265 1011782042 recall
12 STREAMING 0 64 4 4 1 0 0 2985440558 1245337265 recall
5 STRIDED 0 64 2 1 4 128 0 3572933573 2985440558 full
1
2
serial
M1
balanced
1
3 STRIDED 0 64 2 1 2 128 0 1086413158 1215528850 none
14 IRREGULAR 0 16 2 4 4 0 0 3995644276 1086413158 full
1
10
serial
K256
preferred
2
0 STREAMING 0 64 1 4 2 0 0 2632168663 1739592117 full
11 STREAMING 0 8 1 1 2 0 0 2816054732 2632168663 none
12 STREAMING 0 64 4 4 1 0 0 2502161097 2816054732 full
5 STRIDED 0 64 2 1 4 128 0 4287854217 2502161097 full
10 STRIDED 0 64 1 4 4 128 0 337730173 4287854217 recall
2 STREAMING 0 8 2 2 1 0 0 2185917305 337730173 llc
8 STREAMING 0 32 2 2 2 0 0 1950487616 2185917305 recall
13 STREAMING 0 4 4 2 2 0 0 4203685937 1950487616 llc
1 STREAMING 0 16 4 1 1 0 0 4015862298 4203685937 llc
6 STREAMING 0 32 1 4 2 0 0 2082509567 4015862298 recall
2
1
serial
K8
lloaded
1
4 STRIDED 0 4 4 4 4 64 0 1364384744 1487254030 recall
2
serial
K16
lloaded
2
7 IRREGULAR 3 8 1 4 1 0 0 1557221510 2077241206 full
6 STREAMING 0 32 1 4 2 0 0 4236388883 1557221510 recall
2
3
serial
K128
lutil
2
1 STREAMING 0 16 4 1 1 0 0 4181000249 4004655788 recall
8 STREAMING 0 32 2 2 2 0 0 1483412726 4181000249 none
7 IRREGULAR 3 8 1 4 1 0 0 3438803571 1483412726 none
6
serial
K128
lutil
3
2 STREAMING 0 8 2 2 1 0 0 3427631596 421492572 full
12 STREAMING 0 64 4 4 1 0 0 4242234894 3427631596 llc
15 IRREGULAR 0 64 1 4 4 0 0 793584029 4242234894 llc
11 STREAMING 0 8 1 1 2 0 0 3670298141 793584029 full
0 STREAMING 0 64 1 4 2 0 0 3191515482 3670298141 full
6 STREAMING 0 32 1 4 2 0 0 1778098926 3191515482 full
2
8
serial
K256
lutil
2
1 STREAMING 0 16 4 1 1 0 0 2137964310 796094727 llc
12 STREAMING 0 64 4 4 1 0 0 1986031544 2137964310 recall
2 STREAMING 0 8 2 2 1 0 0 1174961114 1986031544 full
9 STREAMING 0 4 2 1 1 0 0 65977909 1174961114 llc
15 IRREGULAR 0 64 1 4 4 0 0 1964909990 65977909 full
13 STREAMING 0 4 4 2 2 0 0 2311502266 1964909990 full
0 STREAMING 0 64 1 4 2 0 0 3322118880 2311502266 none
10 STRIDED 0 64 1 4 4 128 0 749337596 3322118880 full
5
serial
K512
lutil
1
5 STRIDED 0 64 2 1 4 128 0 2490235676 3246429504 llc
4 STRIDED 0 4 4 4 4 64 0 2880599739 2490235676 llc
14 IRREGULAR 0 16 2 4 4 0 0 2669551682 2880599739 llc
6 STREAMING 0 32 1 4 2 0 0 2331079115 2669551682 none
11 STREAMING 0 8 1 1 2 0 0 2891641839 2331079115 full
2
8
serial
M1
preferred
3
10 STRIDED 0 64 1 4 4 128 0 3821871138 492617538 llc
15 IRREGULAR 0 64 1 4 4 0 0 226206838 3821871138 full
2 STREAMING 0 8 2 2 1 0 0 3252790 226206838 llc
11 STREAMING 0 8 1 1 2 0 0 3264319802 3252790 none
5 STRIDED 0 64 2 1 4 128 0 1980627742 3264319802 none
4 STRIDED 0 4 4 4 4 64 0 2013082245 1980627742 full
13 STREAMING 0 4 4 2 2 0 0 587545505 2013082245 llc
1 STREAMING 0 16 4 1 1 0 0 2194582753 587545505 recall
7
serial
M4
preferred
1
9 STREAMING 0 4 2 1 1 0 0 2672814280 3059298552 recall
8 STREAMING 0 32 2 2 2 0 0 2316272817 2672814280 recall
3 STRIDED 0 64 2 1 2 128 0 162774768 2316272817 full
0 STREAMING 0 64 1 4 2 0 0 4047899582 162774768 llc
12 STREAMING 0 64 4 4 1 0 0 3121773784 4047899582 none
6 STREAMING 0 32 1 4 2 0 0 4279261539 3121773784 full
7 IRREGULAR 3 8 1 4 1 0 0 1526178865 4279261539 full
2
8
serial
M4
preferred
1
12 STREAMING 0 64 4 4 1 0 0 720074489 3090936959 recall
10 STRIDED 0 64 1 4 4 128 0 2638957541 720074489 recall
0 STREAMING 0 64 1 4 2 0 0 2795096366 2638957541 recall
8 STREAMING 0 32 2 2 2 0 0 903414908 2795096366 recall
6 STREAMING 0 32 1 4 2 0 0 1003769309 903414908 full
13 STREAMING 0 4 4 2 2 0 0 52132460 1003769309 full
9 STREAMING 0 4 2 1 1 0 0 1946078070 52132460 recall
2 STREAMING 0 8 2 2 1 0 0 1396923072 1946078070 recall
1
serial
K1
preferred
1
14 IRREGULAR 0 16 2 4 4 0 0 2965877854 2234005244 recall
3
1
serial
K16
balanced
1
5 STRIDED 0 64 2 1 4 128 0 2715224806 124877412 llc
3
serial
K8
balanced
1
14 IRREGULAR 0 16 2 4 4 0 0 3774702749 1355626332 none
2 STREAMING 0 8 2 2 1 0 0 3930420193 3774702749 recall
15 IRREGULAR 0 64 1 4 4 0 0 722686775 3930420193 none
2
serial
K16
balanced
2
10 STRIDED 0 64 1 4 4 128 0 4074725312 2597063108 none
9 STREAMING 0 4 2 1 1 0 0 147026777 4074725312 none
3
1
serial
K64
balanced
1
0 STREAMING 0 64 1 4 2 0 0 1440992103 189543574 none
2
serial
K64
balanced
2
13 STREAMING 0 4 4 2 2 0 0 1188643672 2776783263 full
5 STRIDED 0 64 2 1 4 128 0 2881071773 1188643672 full
2
serial
K128
balanced
3
3 STRIDED 0 64 2 1 2 128 0 4126332613 1957503702 full
15 IRREGULAR 0 64 1 4 4 0 0 1459958827 4126332613 llc
3
4
serial
K512
preferred
1
12 STREAMING 0 64 4 4 1 0 0 1649645810 2776553439 recall
5 STRIDED 0 64 2 1 4 128 0 2857350202 1649645810 none
14 IRREGULAR 0 16 2 4 4 0 0 4170710854 2857350202 recall
15 IRREGULAR 0 64 1 4 4 0 0 256565254 4170710854 llc
1
serial
K256
preferred
1
11 STREAMING 0 8 1 1 2 0 0 3620910090 2318910102 none
4
serial
K512
preferred
2
1 STREAMING 0 16 4 1 1 0 0 3515514633 274723803 llc
6 STREAMING 0 32 1 4 2 0 0 2871270463 3515514633 full
3 STRIDED 0 64 2 1 2 128 0 2114438800 2871270463 recall
10 STRIDED 0 64 1 4 4 128 0 428333052 2114438800 full
3
7
serial
M2
lutil
2
1 STREAMING 0 16 4 1 1 0 0 707311590 1773479890 full
10 STRIDED 0 64 1 4 4 128 0 4267162053 707311590 recall
11 STREAMING 0 8 1 1 2 0 0 3725367176 4267162053 full
7 IRREGULAR 3 8 1 4 1 0 0 3004660695 3725367176 full
13 STREAMING 0 4 4 2 2 0 0 4095903610 3004660695 llc
6 STREAMING 0 32 1 4 2 0 0 574836818 4095903610 recall
14 IRREGULAR 0 16 2 4 4 0 0 3530516897 574836818 full
2
serial
M2
lutil
3
15 IRREGULAR 0 64 1 4 4 0 0 4183099358 3282277379 full
12 STREAMING 0 64 4 4 1 0 0 864064847 4183099358 none
3
serial
M1
lutil
2
8 STREAMING 0 32 2 2 2 0 0 1256548 878407969 recall
2 STREAMING 0 8 2 2 1 0 0 842890865 1256548 recall
5 STRIDED 0 64 2 1 4 128 0 999240 842890865 none
3
3
serial
K16
lutil
2
0 STREAMING 0 64 1 4 2 0 0 2656621086 2570790021 none
9 STREAMING 0 4 2 1 1 0 0 2561820696 2656621086 recall
15 IRREGULAR 0 64 1 4 4 0 0 797303488 2561820696 none
5
serial
M2
lutil
3
8 STREAMING 0 32 2 2 2 0 0 2208344070 2413276751 llc
12 STREAMING 0 64 4 4 1 0 0 733688905 2208344070 llc
7 IRREGULAR 3 8 1 4 1 0 0 2308979888 733688905 recall
14 IRREGULAR 0 16 2 4 4 0 0 3628472244 2308979888 recall
13 STREAMING 0 4 4 2 2 0 0 1356542395 3628472244 none
3
serial
M4
lutil
3
11 STREAMING 0 8 1 1 2 0 0 2824942922 1756455630 full
2 STREAMING 0 8 2 2 1 0 0 3393656716 2824942922 recall
3 STRIDED 0 64 2 1 2 128 0 3527899895 3393656716 recall
4
2
serial
K8
lutil
2
11 STREAMING 0 8 1 1 2 0 0 2558613634 2467896247 none
2 STREAMING 0 8 2 2 1 0 0 2410347964 2558613634 none
3
serial
K8
lutil
2
3 STRIDED 0 64 2 1 2 128 0 3293218039 2023111175 recall
8 STREAMING 0 32 2 2 2 0 0 4090748919 3293218039 llc
9 STREAMING 0 4 2 1 1 0 0 1568068532 4090748919 none
3
serial
K16
lutil
2
13 STREAMING 0 4 4 2 2 0 0 2327302289 56974911 full
7 IRREGULAR 3 8 1 4 1 0 0 2260940238 2327302289 recall
0 STREAMING 0 64 1 4 2 0 0 3686120116 2260940238 full
2
serial
K2
lutil
1
1 STREAMING 0 16 4 1 1 0 0 4057207920 2420442909 recall
5 STRIDED 0 64 2 1 4 128 0 1266438706 4057207920 llc
4
2
serial
K32
preferred
1
13 STREAMING 0 4 4 2 2 0 0 2677537609 1668175838 llc
2 STREAMING 0 8 2 2 1 0 0 1782675780 2677537609 none
4
serial
K32
preferred
1
0 STREAMING 0 64 1 4 2 0 0 2905345820 28300468 recall
15 IRREGULAR 0 64 1 4 4 0 0 1382692373 2905345820 full
5 STRIDED 0 64 2 1 4 128 0 328417803 1382692373 full
3 STRIDED 0 64 2 1 2 128 0 2430050124 328417803 full
2
serial
K64
preferred
2
1 STREAMING 0 16 4 1 1 0 0 2970808524 3085922953 recall
12 STREAMING 0 64 4 4 1 0 0 3363799287 2970808524 llc
1
serial
K64
preferred
3
9 STREAMING 0 4 2 1 1 0 0 4212248301 1050300059 none
4
8
serial
K512
preferred
3
12 STREAMING 0 64 4 4 1 0 0 3911329420 2939830663 recall
13 STREAMING 0 4 4 2 2 0 0 3224441699 3911329420 none
9 STREAMING 0 4 2 1 1 0 0 2375757454 3224441699 llc
14 IRREGULAR 0 16 2 4 4 0 0 3522282781 2375757454 recall
8 STREAMING 0 32 2 2 2 0 0 3190313996 3522282781 none
3 STRIDED 0 64 2 1 2 128 0 2509383765 3190313996 llc
10 STRIDED 0 64 1 4 4 128 0 2173351828 2509383765 none
7 IRREGULAR 3 8 1 4 1 0 0 2739083791 2173351828 llc
3
serial
K256
preferred
2
1 STREAMING 0 16 4 1 1 0 0 1963800570 3449698997 none
0 STREAMING 0 64 1 4 2 0 0 2677809723 1963800570 full
6 STREAMING 0 32 1 4 2 0 0 3397310429 2677809723 full
4
serial
K512
preferred
3
11 STREAMING 0 8 1 1 2 0 0 3362954476 1020581312 full
2 STREAMING 0 8 2 2 1 0 0 498730286 3362954476 llc
15 IRREGULAR 0 64 1 4 4 0 0 2423566958 498730286 full
5 STRIDED 0 64 2 1 4 128 0 2382111157 2423566958 llc
1
serial
K256
preferred
1
4 STRIDED 0 4 4 4 4 64 0 282959914 4260031134 llc
4
3
serial
M4
preferred
3
2 STREAMING 0 8 2 2 1 0 0 1975967452 3800245730 full
13 STREAMING 0 4 4 2 2 0 0 3226059035 1975967452 llc
11 STREAMING 0 8 1 1 2 0 0 3620602007 3226059035 full
2
serial
M2
preferred
3
1 STREAMING 0 16 4 1 1 0 0 1697483419 1257458466 llc
7 IRREGULAR 3 8 1 4 1 0 0 2818919408 1697483419 full
9
serial
M1
preferred
1
6 STREAMING 0 32 1 4 2 0 0 1218243749 3747490796 recall
8 STREAMING 0 32 2 2 2 0 0 149475516 1218243749 none
14 IRREGULAR 0 16 2 4 4 0 0 388952611 149475516 full
0 STREAMING 0 64 1 4 2 0 0 2922155630 388952611 llc
15 IRREGULAR 0 64 1 4 4 0 0 2772116434 2922155630 recall
10 STRIDED 0 64 1 4 4 128 0 2547303372 2772116434 none
3 STRIDED 0 64 2 1 2 128 0 2618875543 2547303372 full
12 STREAMING 0 64 4 4 1 0 0 1894162277 2618875543 recall
5 STRIDED 0 64 2 1 4 128 0 1091566037 1894162277 llc
1
serial
M1
preferred
1
9 STREAMING 0 4 2 1 1 0 0 1559287588 3962202920 llc
4
10
serial
M1
balanced
3
6 STREAMING 0 32 1 4 2 0 0 2646003924 2405966459 llc
0 STREAMING 0 64 1 4 2 0 0 1184838027 2646003924 llc
12 STREAMING 0 64 4 4 1 0 0 2112923057 1184838027 recall
13 STREAMING 0 4 4 2 2 0 0 808881404 2112923057 none
5 STRIDED 0 64 2 1 4 128 0 293615623 808881404 none
11 STREAMING 0 8 1 1 2 0 0 3021061327 293615623 llc
3 STRIDED 0 64 2 1 2 128 0 1002152314 3021061327 llc
9 STREAMING 0 4 2 1 1 0 0 4102343431 1002152314 recall
8 STREAMING 0 32 2 2 2 0 0 3813484251 4102343431 full
10 STRIDED 0 64 1 4 4 128 0 1833212330 3813484251 full
2
serial
M2
balanced
2
2 STREAMING 0 8 2 2 1 0 0 147544425 1246918668 recall
7 IRREGULAR 3 8 1 4 1 0 0 1258060044 147544425 full
1
serial
M2
balanced
2
15 IRREGULAR 0 64 1 4 4 0 0 18737428 1199967794 full
2
serial
K32
balanced
2
4 STRIDED 0 4 4 4 4 64 0 3422113395 1119246714 llc
1 STREAMING 0 16 4 1 1 0 0 2930546586 3422113395 full
6
1
serial
K16
preferred
1
12 STREAMING 0 64 4 4 1 0 0 3944247782 2294007736 llc
3
serial
K16
preferred
3
5 STRIDED 0 64 2 1 4 128 0 1387711702 1718752475 full
10 STRIDED 0 64 1 4 4 128 0 3652585357 1387711702 none
15 IRREGULAR 0 64 1 4 4 0 0 906888443 3652585357 none
1
serial
K1
preferred
1
2 STREAMING 0 8 2 2 1 0 0 1959109869 2088420569 none
3
serial
K2
preferred
2
1 STREAMING 0 16 4 1 1 0 0 3825747619 2818969679 recall
3 STRIDED 0 64 2 1 2 128 0 2516498739 3825747619 none
0 STREAMING 0 64 1 4 2 0 0 961229620 2516498739 recall
1
serial
K1
preferred
2
7 IRREGULAR 3 8 1 4 1 0 0 3548340890 3837458485 llc
1
serial
K8
preferred
1
8 STREAMING 0 32 2 2 2 0 0 8604057 880333699 none
6
3
serial
K64
balanced
3
6 STREAMING 0 32 1 4 2 0 0 4161722425 1727594038 recall
11 STREAMING 0 8 1 1 2 0 0 3726878471 4161722425 full
2 STREAMING 0 8 2 2 1 0 0 4254340007 3726878471 none
2
serial
K64
balanced
2
3 STRIDED 0 64 2 1 2 128 0 1223966738 4181005780 recall
10 STRIDED 0 64 1 4 4 128 0 1861383911 1223966738 none
1
serial
K32
balanced
2
13 STREAMING 0 4 4 2 2 0 0 3299315793 3745502306 recall
3
serial
K64
balanced
2
15 IRREGULAR 0 64 1 4 4 0 0 2506788224 42956121 llc
9 STREAMING 0 4 2 1 1 0 0 2493195199 2506788224 recall
0 STREAMING 0 64 1 4 2 0 0 2743807953 2493195199 recall
5
serial
K128
balanced
1
8 STREAMING 0 32 2 2 2 0 0 3474193675 2999624555 llc
5 STRIDED 0 64 2 1 4 128 0 647891045 3474193675 recall
1 STREAMING 0 16 4 1 1 0 0 3051091392 647891045 llc
14 IRREGULAR 0 16 2 4 4 0 0 686002348 3051091392 llc
7 IRREGULAR 3 8 1 4 1 0 0 436947366 686002348 full
2
serial
K128
balanced
3
12 STREAMING 0 64 4 4 1 0 0 3913633777 2126547156 full
4 STRIDED 0 4 4 4 4 64 0 2155487039 3913633777 none
6
6
serial
K256
lloaded
2
3 STRIDED 0 64 2 1 2 128 0 1782612914 2983075936 full
4 STRIDED 0 4 4 4 4 64 0 3672043956 1782612914 llc
1 STREAMING 0 16 4 1 1 0 0 1755417353 3672043956 llc
9 STREAMING 0 4 2 1 1 0 0 513501794 1755417353 recall
8 STREAMING 0 32 2 2 2 0 0 1420418105 513501794 recall
11 STREAMING 0 8 1 1 2 0 0 202560601 1420418105 full
2
serial
K256
lloaded
3
10 STRIDED 0 64 1 4 4 128 0 3540518339 3978295811 full
5 STRIDED 0 64 2 1 4 128 0 3022378292 3540518339 recall
2
serial
K256
lloaded
2
2 STREAMING 0 8 2 2 1 0 0 2659982201 765626287 none
13 STREAMING 0 4 4 2 2 0 0 3936560773 2659982201 full
1
serial
K512
lloaded
3
7 IRREGULAR 3 8 1 4 1 0 0 4123874971 4011382198 llc
1
serial
K512
lloaded
2
15 IRREGULAR 0 64 1 4 4 0 0 3854844855 1635202005 llc
1
serial
K512
lloaded
1
0 STREAMING 0 64 1 4 2 0 0 2335272455 1284092503 full
6
2
serial
M2
balanced
2
10 STRIDED 0 64 1 4 4 128 0 1384351069 2432205745 llc
7 IRREGULAR 3 8 1 4 1 0 0 296413210 1384351069 none
8
serial
M4
balanced
3
3 STRIDED 0 64 2 1 2 128 0 2798483912 1507137550 full
8 STREAMING 0 32 2 2 2 0 0 1211121093 2798483912 none
15 IRREGULAR 0 64 1 4 4 0 0 297700865 1211121093 full
4 STRIDED 0 4 4 4 4 64 0 4175457540 297700865 none
12 STREAMING 0 64 4 4 1 0 0 2053502510 4175457540 none
5 STRIDED 0 64 2 1 4 128 0 151750208 2053502510 llc
13 STREAMING 0 4 4 2 2 0 0 2609911323 151750208 llc
0 STREAMING 0 64 1 4 2 0 0 1515086311 2609911323 llc
3
serial
M2
balanced
2
6 STREAMING 0 32 1 4 2 0 0 1022494948 3493841156 recall
9 STREAMING 0 4 2 1 1 0 0 40338831 1022494948 llc
14 IRREGULAR 0 16 2 4 4 0 0 3283767070 40338831 llc
1
serial
M2
balanced
1
11 STREAMING 0 8 1 1 2 0 0 681457601 3863946069 full
1
serial
M4
balanced
2
1 STREAMING 0 16 4 1 1 0 0 177554246 4213435462 full
1
serial
M1
balanced
2
2 STREAMING 0 8 2 2 1 0 0 3275175318 1776764204 llc
6
1
serial
K1
balanced
2
8 STREAMING 0 32 2 2 2 0 0 924718490 261847578 recall
5
serial
K32
balanced
2
1 STREAMING 0 16 4 1 1 0 0 2086866228 2325500204 full
14 IRREGULAR 0 16 2 4 4 0 0 1774495534 2086866228 full
0 STREAMING 0 64 1 4 2 0 0 387379447 1774495534 none
9 STREAMING 0 4 2 1 1 0 0 365211156 387379447 none
12 STREAMING 0 64 4 4 1 0 0 3820935325 365211156 full
1
serial
K16
balanced
2
11 STREAMING 0 8 1 1 2 0 0 3436478486 3453016937 none
3
serial
K128
balanced
1
7 IRREGULAR 3 8 1 4 1 0 0 3917696631 2171563062 llc
3 STRIDED 0 64 2 1 2 128 0 3256582490 3917696631 llc
4 STRIDED 0 4 4 4 4 64 0 2988880719 3256582490 llc
1
serial
M1
balanced
2
2 STREAMING 0 8 2 2 1 0 0 933470908 1069062904 full
2
serial
K256
balanced
2
13 STREAMING 0 4 4 2 2 0 0 1314712909 2380157410 recall
5 STRIDED 0 64 2 1 4 128 0 66090842 1314712909 llc
8
4
serial
K16
balanced
1
10 STRIDED 0 64 1 4 4 128 0 2391168120 3652980789 full
13 STREAMING 0 4 4 2 2 0 0 3532434099 2391168120 recall
12 STREAMING 0 64 4 4 1 0 0 1429169570 3532434099 none
3 STRIDED 0 64 2 1 2 128 0 3990730491 1429169570 llc
1
serial
K1
balanced
3
7 IRREGULAR 3 8 1 4 1 0 0 349817636 632908601 none
1
serial
K1
balanced
1
11 STREAMING 0 8 1 1 2 0 0 1076679695 1292767982 llc
1
serial
K8
balanced
1
9 STREAMING 0 4 2 1 1 0 0 1760653092 393672470 none
1
serial
K4
balanced
3
2 STREAMING 0 8 2 2 1 0 0 1145072081 1473662843 recall
1
serial
K2
balanced
1
15 IRREGULAR 0 64 1 4 4 0 0 3135166108 619375833 none
1
serial
K1
balanced
2
4 STRIDED 0 4 4 4 4 64 0 4109507311 3937478755 none
1
serial
K1
balanced
1
0 STREAMING 0 64 1 4 2 0 0 1685839303 3584266500 recall
8
2
serial
K32
balanced
2
13 STREAMING 0 4 4 2 2 0 0 705686926 2221228483 llc
9 STREAMING 0 4 2 1 1 0 0 1021381543 705686926 full
1
serial
K128
balanced
3
1 STREAMING 0 16 4 1 1 0 0 3472548748 1936480241 recall
1
serial
K128
balanced
2
0 STREAMING 0 64 1 4 2 0 0 803955654 3122765483 none
4
serial
K32
balanced
3
8 STREAMING 0 32 2 2 2 0 0 2578316539 3910356524 recall
14 IRREGULAR 0 16 2 4 4 0 0 489775838 2578316539 full
6 STREAMING 0 32 1 4 2 0 0 2339519645 489775838 llc
11 STREAMING 0 8 1 1 2 0 0 2474099777 2339519645 none
1
serial
K64
balanced
3
4 STRIDED 0 4 4 4 4 64 0 3563245340 116645240 recall
1
serial
K128
balanced
2
10 STRIDED 0 64 1 4 4 128 0 1971503332 3101977531 full
1
serial
K128
balanced
3
5 STRIDED 0 64 2 1 4 128 0 3361730002 3935917605 llc
1
serial
K128
balanced
2
7 IRREGULAR 3 8 1 4 1 0 0 1534906804 978095180 full
8
4
serial
K512
lloaded
1
12 STREAMING 0 64 4 4 1 0 0 3719652973 3333738636 full
0 STREAMING 0 64 1 4 2 0 0 1828689819 3719652973 recall
9 STREAMING 0 4 2 1 1 0 0 80484117 1828689819 none
4 STRIDED 0 4 4 4 4 64 0 4198350489 80484117 none
6
serial
K512
lloaded
2
7 IRREGULAR 3 8 1 4 1 0 0 1623500096 2128107189 recall
10 STRIDED 0 64 1 4 4 128 0 2336499752 1623500096 llc
8 STREAMING 0 32 2 2 2 0 0 2876215360 2336499752 recall
6 STREAMING 0 32 1 4 2 0 0 4035566859 2876215360 llc
1 STREAMING 0 16 4 1 1 0 0 1217868626 4035566859 recall
15 IRREGULAR 0 64 1 4 4 0 0 3994895544 1217868626 llc
1
serial
K256
lloaded
1
11 STREAMING 0 8 1 1 2 0 0 4025957871 1684999172 full
1
serial
K512
lloaded
2
5 STRIDED 0 64 2 1 4 128 0 3713010275 2845057596 full
1
serial
K256
lloaded
2
13 STREAMING 0 4 4 2 2 0 0 4207560381 3499235711 full
1
serial
K512
lloaded
2
14 IRREGULAR 0 16 2 4 4 0 0 3306190516 857598103 full
1
serial
K256
lloaded
3
2 STREAMING 0 8 2 2 1 0 0 4026313848 573502962 llc
1
serial
K512
lloaded
1
3 STRIDED 0 64 2 1 2 128 0 873026942 3778656643 none
8
9
serial
M4
balanced
2
12 STREAMING 0 64 4 4 1 0 0 927119212 2707176428 none
14 IRREGULAR 0 16 2 4 4 0 0 2054034181 927119212 full
7 IRREGULAR 3 8 1 4 1 0 0 576133577 2054034181 full
10 STRIDED 0 64 1 4 4 128 0 2938978180 576133577 none
4 STRIDED 0 4 4 4 4 64 0 3879396819 2938978180 recall
9 STREAMING 0 4 2 1 1 0 0 2348795746 3879396819 llc
13 STREAMING 0 4 4 2 2 0 0 1651829351 2348795746 llc
8 STREAMING 0 32 2 2 2 0 0 1927932559 1651829351 none
1 STREAMING 0 16 4 1 1 0 0 1122833724 1927932559 none
1
serial
M2
balanced
2
11 STREAMING 0 8 1 1 2 0 0 560775963 3182289294 none
1
serial
M2
balanced
2
15 IRREGULAR 0 64 1 4 4 0 0 1300027959 1593172437 recall
1
serial
M2
balanced
3
6 STREAMING 0 32 1 4 2 0 0 1071079691 2714663566 recall
1
serial
M2
balanced
1
2 STREAMING 0 8 2 2 1 0 0 2368579653 2608766809 full
1
serial
M1
balanced
2
5 STRIDED 0 64 2 1 4 128 0 2642030687 3005246683 recall
1
serial
M2
balanced
3
0 STREAMING 0 64 1 4 2 0 0 927624609 3097549563 full
1
serial
M4
balanced
2
3 STRIDED 0 64 2 1 2 128 0 678922112 1945842401 none
8
7
serial
M4
lutil
3
1 STREAMING 0 16 4 1 1 0 0 1447168922 11512754 llc
11 STREAMING 0 8 1 1 2 0 0 1813654878 1447168922 full
6 STREAMING 0 32 1 4 2 0 0 2467149617 1813654878 full
10 STRIDED 0 64 1 4 4 128 0 2539221189 2467149617 recall
3 STRIDED 0 64 2 1 2 128 0 94473055 2539221189 none
8 STREAMING 0 32 2 2 2 0 0 3491474781 94473055 none
15 IRREGULAR 0 64 1 4 4 0 0 899198930 3491474781 llc
1
serial
K16
lutil
2
14 IRREGULAR 0 16 2 4 4 0 0 3652468954 1783870653 llc
2
serial
M4
lutil
3
7 IRREGULAR 3 8 1 4 1 0 0 3435273559 917659155 llc
12 STREAMING 0 64 4 4 1 0 0 458794838 3435273559 full
1
serial
K4
lutil
2
5 STRIDED 0 64 2 1 4 128 0 470927559 1363729969 full
1
serial
K2
lutil
3
4 STRIDED 0 4 4 4 4 64 0 3506297416 3779598320 none
1
serial
K64
lutil
3
13 STREAMING 0 4 4 2 2 0 0 3964663013 4019064459 llc
1
serial
M1
lutil
2
2 STREAMING 0 8 2 2 1 0 0 2523938745 966700754 recall
1
serial
K2
lutil
2
9 STREAMING 0 4 2 1 1 0 0 3205946542 2428676762 llc
9
1
serial
K4
balanced
1
1 STREAMING 0 16 4 1 1 0 0 160506249 2146074774 llc
3
serial
K16
balanced
3
5 STRIDED 0 64 2 1 4 128 0 1833509711 144920649 recall
10 STRIDED 0 64 1 4 4 128 0 5650014 1833509711 full
11 STREAMING 0 8 1 1 2 0 0 2391271223 5650014 recall
2
serial
K2
balanced
3
6 STREAMING 0 32 1 4 2 0 0 2934058429 881897242 full
12 STREAMING 0 64 4 4 1 0 0 2556055579 2934058429 llc
2
serial
K2
balanced
1
8 STREAMING 0 32 2 2 2 0 0 1537199459 2163299207 full
7 IRREGULAR 3 8 1 4 1 0 0 1456519174 1537199459 full
2
serial
K4
balanced
3
3 STRIDED 0 64 2 1 2 128 0 1907229997 2527085586 none
2 STREAMING 0 8 2 2 1 0 0 677802375 1907229997 full
1
serial
K1
balanced
2
0 STREAMING 0 64 1 4 2 0 0 2323272956 1414390920 full
1
serial
K8
balanced
2
4 STRIDED 0 4 4 4 4 64 0 844137778 2985245735 recall
1
serial
K4
balanced
3
15 IRREGULAR 0 64 1 4 4 0 0 2145905486 3524611084 recall
1
serial
K1
balanced
2
14 IRREGULAR 0 16 2 4 4 0 0 1195919362 3822171430 llc
9
4
serial
K128
balanced
1
14 IRREGULAR 0 16 2 4 4 0 0 1005601247 660719983 llc
11 STREAMING 0 8 1 1 2 0 0 479342174 1005601247 llc
4 STRIDED 0 4 4 4 4 64 0 2661863377 479342174 none
8 STREAMING 0 32 2 2 2 0 0 2871680535 2661863377 llc
2
serial
K64
balanced
3
1 STREAMING 0 16 4 1 1 0 0 324989749 2978150564 none
6 STREAMING 0 32 1 4 2 0 0 3203744785 324989749 none
3
serial
K64
balanced
3
2 STREAMING 0 8 2 2 1 0 0 3868374379 2343478407 none
10 STRIDED 0 64 1 4 4 128 0 465131830 3868374379 llc
12 STREAMING 0 64 4 4 1 0 0 2179078389 465131830 none
1
serial
K128
balanced
3
0 STREAMING 0 64 1 4 2 0 0 345646710 2803966883 none
2
serial
K64
balanced
1
15 IRREGULAR 0 64 1 4 4 0 0 693831575 1777467856 recall
7 IRREGULAR 3 8 1 4 1 0 0 2545933703 693831575 recall
1
serial
K128
balanced
3
9 STREAMING 0 4 2 1 1 0 0 2227119756 917556516 full
1
serial
K128
balanced
3
5 STRIDED 0 64 2 1 4 128 0 2208109484 2824319954 full
1
serial
K128
balanced
2
3 STRIDED 0 64 2 1 2 128 0 1060108090 3655964799 llc
1
serial
K32
balanced
1
13 STREAMING 0 4 4 2 2 0 0 605568204 2705805231 full
9
2
serial
K256
balanced
1
0 STREAMING 0 64 1 4 2 0 0 938002537 3502590980 none
12 STREAMING 0 64 4 4 1 0 0 703909419 938002537 recall
4
serial
K256
balanced
2
8 STREAMING 0 32 2 2 2 0 0 4294517830 2937627074 recall
5 STRIDED 0 64 2 1 4 128 0 1278185212 4294517830 recall
4 STRIDED 0 4 4 4 4 64 0 2260506859 1278185212 llc
13 STREAMING 0 4 4 2 2 0 0 3800992721 2260506859 full
1
serial
K512
balanced
1
14 IRREGULAR 0 16 2 4 4 0 0 1361110917 1125821182 none
1
serial
K256
balanced
3
9 STREAMING 0 4 2 1 1 0 0 3493122342 2255597873 recall
1
serial
K256
balanced
3
15 IRREGULAR 0 64 1 4 4 0 0 1369439621 1177977979 llc
1
serial
K256
balanced
1
1 STREAMING 0 16 4 1 1 0 0 587280684 604731547 llc
1
serial
K512
balanced
3
2 STREAMING 0 8 2 2 1 0 0 3446016541 26643172 full
1
serial
K512
balanced
3
10 STRIDED 0 64 1 4 4 128 0 1761090418 460634738 llc
1
serial
K256
balanced
1
11 STREAMING 0 8 1 1 2 0 0 788189067 3545270256 llc
9
4
serial
M4
balanced
3
5 STRIDED 0 64 2 1 4 128 0 1356739410 38254040 recall
7 IRREGULAR 3 8 1 4 1 0 0 1198465660 1356739410 none
3 STRIDED 0 64 2 1 2 128 0 553671956 1198465660 none
1 STREAMING 0 16 4 1 1 0 0 940427516 553671956 none
3
serial
M1
balanced
2
12 STREAMING 0 64 4 4 1 0 0 1156018262 1246419360 recall
8 STREAMING 0 32 2 2 2 0 0 1178421607 1156018262 recall
13 STREAMING 0 4 4 2 2 0 0 3132287794 1178421607 recall
1
serial
M4
balanced
2
0 STREAMING 0 64 1 4 2 0 0 3250382483 4264014768 full
1
serial
M2
balanced
2
11 STREAMING 0 8 1 1 2 0 0 1971842102 377443762 recall
2
serial
M1
balanced
2
2 STREAMING 0 8 2 2 1 0 0 1145444927 3059580591 llc
10 STRIDED 0 64 1 4 4 128 0 2247044319 1145444927 llc
2
serial
M2
balanced
1
6 STREAMING 0 32 1 4 2 0 0 3168851018 677636971 recall
4 STRIDED 0 4 4 4 4 64 0 3391164832 3168851018 llc
1
serial
M4
balanced
1
9 STREAMING 0 4 2 1 1 0 0 4257993954 54982656 none
1
serial
M2
balanced
2
14 IRREGULAR 0 16 2 4 4 0 0 378593170 1882237416 full
1
serial
M4
balanced
1
15 IRREGULAR 0 64 1 4 4 0 0 3902423257 2819251943 full
9
3
serial
K64
lutil
2
5 STRIDED 0 64 2 1 4 128 0 603370651 1469746591 recall
2 STREAMING 0 8 2 2 1 0 0 1892960294 603370651 none
6 STREAMING 0 32 1 4 2 0 0 2675146662 1892960294 none
2
serial
M1
lutil
2
3 STRIDED 0 64 2 1 2 128 0 1535594677 1620529508 llc
9 STREAMING 0 4 2 1 1 0 0 4122995062 1535594677 recall
2
serial
K4
lutil
1
13 STREAMING 0 4 4 2 2 0 0 2112238838 845333819 recall
0 STREAMING 0 64 1 4 2 0 0 2011325836 2112238838 none
3
serial
K128
lutil
1
1 STREAMING 0 16 4 1 1 0 0 1660274252 1931206956 full
11 STREAMING 0 8 1 1 2 0 0 2768977449 1660274252 none
10 STRIDED 0 64 1 4 4 128 0 4232529223 2768977449 none
1
serial
K4
lutil
2
12 STREAMING 0 64 4 4 1 0 0 3232033337 4228822976 full
1
serial
K16
lutil
1
4 STRIDED 0 4 4 4 4 64 0 2513935503 186645673 llc
2
serial
K16
lutil
3
7 IRREGULAR 3 8 1 4 1 0 0 2536998985 2928442009 llc
14 IRREGULAR 0 16 2 4 4 0 0 2637781808 2536998985 full
1
serial
M2
lutil
1
15 IRREGULAR 0 64 1 4 4 0 0 427041307 3877346964 full
1
serial
K128
lutil
1
8 STREAMING 0 32 2 2 2 0 0 2100885498 2117134788 recall
12
2
serial
K4
lutil
2
4 STRIDED 0 4 4 4 4 64 0 3149251625 3162106275 full
12 STREAMING 0 64 4 4 1 0 0 3152845107 3149251625 recall
1
serial
K1
lutil
1
15 IRREGULAR 0 64 1 4 4 0 0 108871303 281478699 full
1
serial
K1
lutil
3
2 STREAMING 0 8 2 2 1 0 0 2152926391 4261482087 recall
2
serial
K16
lutil
3
10 STRIDED 0 64 1 4 4 128 0 1498204131 24478996 recall
13 STREAMING 0 4 4 2 2 0 0 3462850271 1498204131 none
1
serial
K4
lutil
1
3 STRIDED 0 64 2 1 2 128 0 1266551876 4019700242 full
1
serial
K2
lutil
1
1 STREAMING 0 16 4 1 1 0 0 3415311733 3565625942 llc
1
serial
K8
lutil
2
6 STREAMING 0 32 1 4 2 0 0 2751786713 448120809 full
1
serial
K16
lutil
3
14 IRREGULAR 0 16 2 4 4 0 0 3389801698 2790883689 recall
1
serial
K4
lutil
1
9 STREAMING 0 4 2 1 1 0 0 2324200057 682155278 llc
1
serial
K16
lutil
1
5 STRIDED 0 64 2 1 4 128 0 2473604609 4176237254 full
1
serial
K8
lutil
2
7 IRREGULAR 3 8 1 4 1 0 0 1730418637 3116528627 llc
1
serial
K2
lutil
2
11 STREAMING 0 8 1 1 2 0 0 909471423 1935734148 llc
12
4
serial
K64
lutil
2
9 STREAMING 0 4 2 1 1 0 0 58931709 1008198426 full
11 STREAMING 0 8 1 1 2 0 0 2774282259 58931709 full
13 STREAMING 0 4 4 2 2 0 0 3658450433 2774282259 full
2 STREAMING 0 8 2 2 1 0 0 4089720071 3658450433 none
1
serial
K64
lutil
1
3 STRIDED 0 64 2 1 2 128 0 681211562 3181838578 llc
1
serial
K64
lutil
3
5 STRIDED 0 64 2 1 4 128 0 2782265206 1253691552 full
2
serial
K64
lutil
2
8 STREAMING 0 32 2 2 2 0 0 1119677844 2846440983 llc
10 STRIDED 0 64 1 4 4 128 0 2584712687 1119677844 none
1
serial
K128
lutil
1
1 STREAMING 0 16 4 1 1 0 0 3043551613 2447800511 recall
1
serial
K64
lutil
1
14 IRREGULAR 0 16 2 4 4 0 0 1707120395 2172048079 none
1
serial
K64
lutil
3
15 IRREGULAR 0 64 1 4 4 0 0 1240736550 1388553207 llc
1
serial
K128
lutil
2
12 STREAMING 0 64 4 4 1 0 0 143503571 3028284719 llc
1
serial
K64
lutil
2
0 STREAMING 0 64 1 4 2 0 0 284709145 2327283369 recall
1
serial
K64
lutil
2
4 STRIDED 0 4 4 4 4 64 0 1943520847 1426760485 llc
1
serial
K32
lutil
3
6 STREAMING 0 32 1 4 2 0 0 3694754947 2159892354 llc
1
serial
K32
lutil
2
7 IRREGULAR 3 8 1 4 1 0 0 3676309902 506237733 llc
12
3
serial
K256
lloaded
1
10 STRIDED 0 64 1 4 4 128 0 697714358 682917473 recall
3 STRIDED 0 64 2 1 2 128 0 1320943762 697714358 llc
4 STRIDED 0 4 4 4 4 64 0 3129279155 1320943762 llc
2
serial
K256
lloaded
2
1 STREAMING 0 16 4 1 1 0 0 3778567508 4005032383 none
7 IRREGULAR 3 8 1 4 1 0 0 599793826 3778567508 llc
2
serial
K512
lloaded
2
14 IRREGULAR 0 16 2 4 4 0 0 2258086066 2606475346 llc
11 STREAMING 0 8 1 1 2 0 0 3918005682 2258086066 none
1
serial
K512
lloaded
2
2 STREAMING 0 8 2 2 1 0 0 2690522456 3354032727 full
1
serial
K256
lloaded
2
15 IRREGULAR 0 64 1 4 4 0 0 4052628864 3802353889 recall
1
serial
K512
lloaded
3
8 STREAMING 0 32 2 2 2 0 0 1479053967 45929066 recall
1
serial
K512
lloaded
2
5 STRIDED 0 64 2 1 4 128 0 3750696638 1309277970 full
1
serial
K512
lloaded
2
0 STREAMING 0 64 1 4 2 0 0 1811891028 3996748567 recall
1
serial
K512
lloaded
2
9 STREAMING 0 4 2 1 1 0 0 3819680934 2314101242 none
1
serial
K512
lloaded
3
13 STREAMING 0 4 4 2 2 0 0 2749400112 2490823650 llc
1
serial
K512
lloaded
1
6 STREAMING 0 32 1 4 2 0 0 2199060816 1209266183 recall
1
serial
K512
lloaded
1
12 STREAMING 0 64 4 4 1 0 0 426327092 3671780623 llc
12
5
serial
M2
preferred
2
12 STREAMING 0 64 4 4 1 0 0 1709994033 1632258868 none
11 STREAMING 0 8 1 1 2 0 0 2510825120 1709994033 llc
9 STREAMING 0 4 2 1 1 0 0 1661742332 2510825120 full
2 STREAMING 0 8 2 2 1 0 0 1453359576 1661742332 recall
13 STREAMING 0 4 4 2 2 0 0 2114039294 1453359576 none
1
serial
M4
preferred
3
8 STREAMING 0 32 2 2 2 0 0 1614916691 2161865569 llc
1
serial
M1
preferred
3
15 IRREGULAR 0 64 1 4 4 0 0 1995726672 1114987440 recall
1
serial
M2
preferred
1
10 STRIDED 0 64 1 4 4 128 0 8936811 889373977 recall
1
serial
M2
preferred
3
6 STREAMING 0 32 1 4 2 0 0 2138152422 1876097852 recall
1
serial
M2
preferred
1
5 STRIDED 0 64 2 1 4 128 0 524278644 2920734410 recall
1
serial
M1
preferred
1
14 IRREGULAR 0 16 2 4 4 0 0 3613873270 2787358594 recall
1
serial
M1
preferred
3
0 STREAMING 0 64 1 4 2 0 0 2722449009 1990607069 llc
1
serial
M1
preferred
2
7 IRREGULAR 3 8 1 4 1 0 0 979512031 94139998 full
1
serial
M4
preferred
3
4 STRIDED 0 4 4 4 4 64 0 4145311118 462501096 llc
1
serial
M1
preferred
3
1 STREAMING 0 16 4 1 1 0 0 2630160508 599774798 full
1
serial
M2
preferred
3
3 STRIDED 0 64 2 1 2 128 0 2534454808 2751695747 none
12
5
serial
K512
lloaded
1
7 IRREGULAR 3 8 1 4 1 0 0 2553823590 2468850289 llc
4 STRIDED 0 4 4 4 4 64 0 1562411571 2553823590 none
14 IRREGULAR 0 16 2 4 4 0 0 132228683 1562411571 llc
2 STREAMING 0 8 2 2 1 0 0 1967601915 132228683 full
5 STRIDED 0 64 2 1 4 128 0 150677107 1967601915 full
1
serial
K4
lloaded
1
8 STREAMING 0 32 2 2 2 0 0 482032989 2256519335 none
1
serial
M4
lloaded
2
1 STREAMING 0 16 4 1 1 0 0 2201826662 2523900198 full
1
serial
K128
lloaded
3
10 STRIDED 0 64 1 4 4 128 0 2096993240 606814262 recall
1
serial
K1
lloaded
1
6 STREAMING 0 32 1 4 2 0 0 3803778243 223916681 llc
1
serial
K4
lloaded
2
12 STREAMING 0 64 4 4 1 0 0 1658724008 2765465984 recall
1
serial
K64
lloaded
3
9 STREAMING 0 4 2 1 1 0 0 1232274320 1269611774 full
1
serial
M1
lloaded
1
11 STREAMING 0 8 1 1 2 0 0 3719725979 3338876386 none
1
serial
K8
lloaded
2
3 STRIDED 0 64 2 1 2 128 0 703046485 2008094372 full
1
serial
K128
lloaded
2
15 IRREGULAR 0 64 1 4 4 0 0 1803478020 1140839104 recall
1
serial
K256
lloaded
2
0 STREAMING 0 64 1 4 2 0 0 917693188 3161860740 full
1
serial
K4
lloaded
3
13 STREAMING 0 4 4 2 2 0 0 1359378391 1239353254 llc
