35
1
3
serial
K8
lutil
2
4 IRREGULAR 1 128 4 2 1 0 0 4038118006 2449689062 llc
5 IRREGULAR 1 64 2 1 1 0 0 527691789 4038118006 llc
6 STREAMING 0 16 1 1 4 0 0 44137920 527691789 none
1
1
serial
K64
lutil
1
3 STRIDED 0 8 1 2 2 32 0 304031193 2107265833 recall
1
2
serial
K256
balanced
3
2 IRREGULAR 4 32 4 1 4 0 0 3471132998 2789789812 none
3 STRIDED 0 8 1 2 2 32 0 3298613862 3471132998 full
1
4
serial
M4
preferred
1
0 IRREGULAR 4 4 1 2 1 0 0 565075818 227288992 none
4 IRREGULAR 1 128 4 2 1 0 0 3785958783 565075818 llc
6 STREAMING 0 16 1 1 4 0 0 3793501826 3785958783 recall
5 IRREGULAR 1 64 2 1 1 0 0 2822299277 3793501826 none
1
4
serial
K128
lloaded
3
6 STREAMING 0 16 1 1 4 0 0 3618841233 2240589157 recall
4 IRREGULAR 1 128 4 2 1 0 0 14442749 3618841233 llc
1 STREAMING 0 128 2 2 1 0 0 2806378414 14442749 full
5 IRREGULAR 1 64 2 1 1 0 0 2931578752 2806378414 llc
2
3
serial
K4
balanced
2
3 STRIDED 0 8 1 2 2 32 0 4039058225 3285551218 recall
4 IRREGULAR 1 128 4 2 1 0 0 3629043742 4039058225 recall
0 IRREGULAR 4 4 1 2 1 0 0 2380973362 3629043742 full
2
serial
K2
balanced
1
1 STREAMING 0 128 2 2 1 0 0 1250633222 424245194 recall
2 IRREGULAR 4 32 4 1 4 0 0 615768842 1250633222 llc
2
2
serial
K128
balanced
1
5 IRREGULAR 1 64 2 1 1 0 0 2856312239 589565189 llc
6 STREAMING 0 16 1 1 4 0 0 2541774589 2856312239 recall
2
serial
K128
balanced
1
1 STREAMING 0 128 2 2 1 0 0 235173110 945622230 none
0 IRREGULAR 4 4 1 2 1 0 0 994526052 235173110 none
2
3
serial
K512
preferred
1
4 IRREGULAR 1 128 4 2 1 0 0 1595100898 949152165 none
3 STRIDED 0 8 1 2 2 32 0 4208604080 1595100898 full
5 IRREGULAR 1 64 2 1 1 0 0 1402330898 4208604080 none
1
serial
K256
preferred
1
6 STREAMING 0 16 1 1 4 0 0 4218499130 3514961135 none
2
2
serial
M4
balanced
2
6 STREAMING 0 16 1 1 4 0 0 587260927 2581938903 recall
2 IRREGULAR 4 32 4 1 4 0 0 3183855880 587260927 full
1
serial
M4
balanced
2
5 IRREGULAR 1 64 2 1 1 0 0 173464722 3275128946 llc
2
1
serial
K4
lloaded
1
6 STREAMING 0 16 1 1 4 0 0 1328799900 3663643582 full
1
serial
K128
lloaded
2
3 STRIDED 0 8 1 2 2 32 0 531480317 706655792 none
3
4
serial
K16
lloaded
1
4 IRREGULAR 1 128 4 2 1 0 0 2762226436 2192827274 llc
1 STREAMING 0 128 2 2 1 0 0 3940408057 2762226436 none
3 STRIDED 0 8 1 2 2 32 0 2861455676 3940408057 recall
0 IRREGULAR 4 4 1 2 1 0 0 1682330908 2861455676 none
1
serial
K16
lloaded
3
5 IRREGULAR 1 64 2 1 1 0 0 2527627493 1286786542 llc
1
serial
K4
lloaded
2
6 STREAMING 0 16 1 1 4 0 0 2945235475 3026392736 llc
3
3
serial
K64
lutil
1
4 IRREGULAR 1 128 4 2 1 0 0 1043013420 2090819610 none
5 IRREGULAR 1 64 2 1 1 0 0 2832661746 1043013420 llc
0 IRREGULAR 4 4 1 2 1 0 0 3721497887 2832661746 none
2
serial
K64
lutil
2
2 IRREGULAR 4 32 4 1 4 0 0 2919189362 1905123288 full
1 STREAMING 0 128 2 2 1 0 0 4115787638 2919189362 llc
2
serial
K64
lutil
3
6 STREAMING 0 16 1 1 4 0 0 2199321870 3748711295 recall
3 STRIDED 0 8 1 2 2 32 0 1128101585 2199321870 llc
3
2
serial
K256
balanced
1
1 STREAMING 0 128 2 2 1 0 0 3323690549 711834416 recall
0 IRREGULAR 4 4 1 2 1 0 0 1630962655 3323690549 llc
2
serial
K256
balanced
2
4 IRREGULAR 1 128 4 2 1 0 0 1780376714 1889176280 llc
5 IRREGULAR 1 64 2 1 1 0 0 3050687229 1780376714 none
1
serial
K256
balanced
2
3 STRIDED 0 8 1 2 2 32 0 1959936354 3769916808 llc
3
1
serial
M2
lloaded
1
3 STRIDED 0 8 1 2 2 32 0 3908381687 99398154 llc
1
serial
M1
lloaded
1
5 IRREGULAR 1 64 2 1 1 0 0 2289881421 1955606441 llc
1
serial
M4
lloaded
2
4 IRREGULAR 1 128 4 2 1 0 0 2580160463 414718238 llc
3
1
serial
M1
balanced
1
3 STRIDED 0 8 1 2 2 32 0 3883286311 1641146002 none
4
serial
K256
balanced
3
1 STREAMING 0 128 2 2 1 0 0 1325411459 2590753282 none
2 IRREGULAR 4 32 4 1 4 0 0 3524434473 1325411459 full
4 IRREGULAR 1 128 4 2 1 0 0 4024449806 3524434473 full
5 IRREGULAR 1 64 2 1 1 0 0 1851166732 4024449806 full
1
serial
M4
balanced
3
0 IRREGULAR 4 4 1 2 1 0 0 3420639273 2368405085 full
4
2
serial
K16
lloaded
2
1 STREAMING 0 128 2 2 1 0 0 2184194391 2010360000 full
0 IRREGULAR 4 4 1 2 1 0 0 3429745271 2184194391 full
1
serial
K16
lloaded
2
4 IRREGULAR 1 128 4 2 1 0 0 2235971856 660704437 none
1
serial
K4
lloaded
2
5 IRREGULAR 1 64 2 1 1 0 0 2588247794 3876799445 recall
1
serial
K16
lloaded
2
3 STRIDED 0 8 1 2 2 32 0 3817548823 458476160 recall
4
1
serial
K64
lutil
3
0 IRREGULAR 4 4 1 2 1 0 0 535942659 122116187 full
2
serial
K32
lutil
3
6 STREAMING 0 16 1 1 4 0 0 1827879566 3350715651 recall
1 STREAMING 0 128 2 2 1 0 0 1701352334 1827879566 llc
2
serial
K32
lutil
1
5 IRREGULAR 1 64 2 1 1 0 0 3671220457 407772206 recall
4 IRREGULAR 1 128 4 2 1 0 0 1968804386 3671220457 full
1
serial
K64
lutil
3
3 STRIDED 0 8 1 2 2 32 0 3113138348 1145296143 none
4
1
serial
K256
lutil
1
0 IRREGULAR 4 4 1 2 1 0 0 1147135966 121788873 recall
1
serial
K256
lutil
1
5 IRREGULAR 1 64 2 1 1 0 0 3538376293 2194494911 full
4
serial
K512
lutil
1
4 IRREGULAR 1 128 4 2 1 0 0 2653107705 2558265283 llc
6 STREAMING 0 16 1 1 4 0 0 2483908856 2653107705 recall
3 STRIDED 0 8 1 2 2 32 0 2393114292 2483908856 recall
2 IRREGULAR 4 32 4 1 4 0 0 2712892878 2393114292 llc
1
serial
K512
lutil
3
1 STREAMING 0 128 2 2 1 0 0 480637072 3131554041 recall
4
2
serial
M4
lloaded
3
1 STREAMING 0 128 2 2 1 0 0 4145297784 3253352894 llc
6 STREAMING 0 16 1 1 4 0 0 4079837353 4145297784 none
1
serial
M1
lloaded
3
0 IRREGULAR 4 4 1 2 1 0 0 3029856376 1007932896 recall
2
serial
M2
lloaded
2
4 IRREGULAR 1 128 4 2 1 0 0 3440263861 964619985 full
5 IRREGULAR 1 64 2 1 1 0 0 1596950417 3440263861 recall
2
serial
M1
lloaded
3
3 STRIDED 0 8 1 2 2 32 0 3432807574 236403486 llc
2 IRREGULAR 4 32 4 1 4 0 0 2940415763 3432807574 llc
4
4
serial
K128
lutil
1
1 STREAMING 0 128 2 2 1 0 0 14165574 87214431 llc
6 STREAMING 0 16 1 1 4 0 0 2412358078 14165574 none
5 IRREGULAR 1 64 2 1 1 0 0 2432022379 2412358078 none
3 STRIDED 0 8 1 2 2 32 0 3697377720 2432022379 recall
1
serial
K128
lutil
2
2 IRREGULAR 4 32 4 1 4 0 0 3076428638 2582660990 llc
1
serial
K4
lutil
2
4 IRREGULAR 1 128 4 2 1 0 0 3387538139 2453322107 recall
1
serial
K8
lutil
1
0 IRREGULAR 4 4 1 2 1 0 0 4091394569 2323805751 none
5
1
serial
K1
lloaded
2
3 STRIDED 0 8 1 2 2 32 0 134627096 1599640151 none
2
serial
K16
lloaded
3
1 STREAMING 0 128 2 2 1 0 0 4001268193 1297065129 none
6 STREAMING 0 16 1 1 4 0 0 3007346690 4001268193 llc
1
serial
K16
lloaded
2
2 IRREGULAR 4 32 4 1 4 0 0 4178983672 3439596686 llc
1
serial
K4
lloaded
3
5 IRREGULAR 1 64 2 1 1 0 0 2678687090 1674694648 llc
1
serial
K4
lloaded
2
4 IRREGULAR 1 128 4 2 1 0 0 2143539409 3153832267 recall
5
3
serial
K64
preferred
2
1 STREAMING 0 128 2 2 1 0 0 2109088293 2078575221 recall
5 IRREGULAR 1 64 2 1 1 0 0 4279162800 2109088293 recall
0 IRREGULAR 4 4 1 2 1 0 0 2134975483 4279162800 none
1
serial
K64
preferred
1
3 STRIDED 0 8 1 2 2 32 0 341350206 4222354880 recall
1
serial
K64
preferred
2
4 IRREGULAR 1 128 4 2 1 0 0 2353214421 4225494133 full
1
serial
K64
preferred
1
2 IRREGULAR 4 32 4 1 4 0 0 726351450 3317465212 llc
1
serial
K64
preferred
1
6 STREAMING 0 16 1 1 4 0 0 2257441240 1569511392 none
5
3
serial
K512
lutil
1
4 IRREGULAR 1 128 4 2 1 0 0 514166248 3665523460 llc
6 STREAMING 0 16 1 1 4 0 0 1626777692 514166248 llc
2 IRREGULAR 4 32 4 1 4 0 0 3185000117 1626777692 none
1
serial
K512
lutil
1
1 STREAMING 0 128 2 2 1 0 0 3702363593 463945855 recall
1
serial
K256
lutil
1
5 IRREGULAR 1 64 2 1 1 0 0 1678500208 1114148606 recall
1
serial
K512
lutil
3
3 STRIDED 0 8 1 2 2 32 0 2756677291 1767610970 llc
1
serial
K256
lutil
3
0 IRREGULAR 4 4 1 2 1 0 0 1777113574 3229409451 llc
5
1
serial
M1
preferred
2
4 IRREGULAR 1 128 4 2 1 0 0 3771545313 1732928452 none
2
serial
M4
preferred
2
3 STRIDED 0 8 1 2 2 32 0 1257958289 4033828729 recall
0 IRREGULAR 4 4 1 2 1 0 0 2333877824 1257958289 llc
2
serial
M2
preferred
2
2 IRREGULAR 4 32 4 1 4 0 0 1265553158 2043260732 llc
5 IRREGULAR 1 64 2 1 1 0 0 1798607326 1265553158 llc
1
serial
M1
preferred
1
6 STREAMING 0 16 1 1 4 0 0 3779497382 724806255 recall
1
serial
M2
preferred
2
1 STREAMING 0 128 2 2 1 0 0 4053498882 4100432190 full
5
1
serial
K8
balanced
3
2 IRREGULAR 4 32 4 1 4 0 0 2334816789 218347893 none
2
serial
M1
balanced
1
4 IRREGULAR 1 128 4 2 1 0 0 1569625584 418900189 llc
3 STRIDED 0 8 1 2 2 32 0 3504756493 1569625584 recall
1
serial
M4
balanced
3
6 STREAMING 0 16 1 1 4 0 0 4263166132 2948024688 none
1
serial
M1
balanced
3
1 STREAMING 0 128 2 2 1 0 0 38728457 847946154 full
1
serial
K512
balanced
2
5 IRREGULAR 1 64 2 1 1 0 0 406307540 3299613578 none
6
2
serial
K16
lloaded
3
6 STREAMING 0 16 1 1 4 0 0 3531101891 3152111773 none
0 IRREGULAR 4 4 1 2 1 0 0 979223573 3531101891 recall
1
serial
K1
lloaded
1
3 STRIDED 0 8 1 2 2 32 0 102812947 779136245 recall
1
serial
K2
lloaded
3
5 IRREGULAR 1 64 2 1 1 0 0 3077981183 3578679887 recall
1
serial
K8
lloaded
1
1 STREAMING 0 128 2 2 1 0 0 3793092749 2221834540 recall
1
serial
K1
lloaded
3
4 IRREGULAR 1 128 4 2 1 0 0 2272415285 4199533723 recall
1
serial
K2
lloaded
1
2 IRREGULAR 4 32 4 1 4 0 0 1136649707 3587055373 full
6
2
serial
K128
lutil
2
4 IRREGULAR 1 128 4 2 1 0 0 1864312896 3020340502 llc
2 IRREGULAR 4 32 4 1 4 0 0 4074294428 1864312896 recall
1
serial
K64
lutil
1
6 STREAMING 0 16 1 1 4 0 0 275464006 2825428842 full
1
serial
K32
lutil
2
1 STREAMING 0 128 2 2 1 0 0 4167507984 2293650201 none
1
serial
K64
lutil
3
0 IRREGULAR 4 4 1 2 1 0 0 1379837210 2492936004 none
1
serial
K64
lutil
2
3 STRIDED 0 8 1 2 2 32 0 915288419 3608578511 recall
1
serial
K32
lutil
3
5 IRREGULAR 1 64 2 1 1 0 0 357592459 3160919536 full
6
1
serial
K256
lloaded
1
2 IRREGULAR 4 32 4 1 4 0 0 2208157072 1294270334 llc
1
serial
K512
lloaded
2
5 IRREGULAR 1 64 2 1 1 0 0 3172999099 3981256852 none
1
serial
K512
lloaded
1
3 STRIDED 0 8 1 2 2 32 0 4284067755 3271943533 llc
1
serial
K512
lloaded
3
1 STREAMING 0 128 2 2 1 0 0 4217577541 1756532177 llc
2
serial
K512
lloaded
3
4 IRREGULAR 1 128 4 2 1 0 0 3913798901 3271022416 full
0 IRREGULAR 4 4 1 2 1 0 0 2005805004 3913798901 full
1
serial
K512
lloaded
1
6 STREAMING 0 16 1 1 4 0 0 1911152309 3496422671 full
6
1
serial
M2
preferred
3
2 IRREGULAR 4 32 4 1 4 0 0 2165138278 2058040179 none
2
serial
M1
preferred
3
1 STREAMING 0 128 2 2 1 0 0 2265907813 1298978822 llc
5 IRREGULAR 1 64 2 1 1 0 0 1228507392 2265907813 llc
1
serial
M4
preferred
3
3 STRIDED 0 8 1 2 2 32 0 2326717480 664504976 llc
1
serial
M4
preferred
3
6 STREAMING 0 16 1 1 4 0 0 235640823 723939618 recall
1
serial
M2
preferred
3
4 IRREGULAR 1 128 4 2 1 0 0 548244498 1370351649 full
1
serial
M1
preferred
2
0 IRREGULAR 4 4 1 2 1 0 0 3480660360 2252751589 none
6
1
serial
M2
lutil
3
2 IRREGULAR 4 32 4 1 4 0 0 1440044944 3705891846 none
2
serial
K512
lutil
1
0 IRREGULAR 4 4 1 2 1 0 0 2263946014 1225438708 llc
3 STRIDED 0 8 1 2 2 32 0 2251915031 2263946014 llc
1
serial
K256
lutil
2
4 IRREGULAR 1 128 4 2 1 0 0 3814791071 2391295537 none
1
serial
K256
lutil
3
1 STREAMING 0 128 2 2 1 0 0 1450169255 3664194167 full
1
serial
M2
lutil
1
5 IRREGULAR 1 64 2 1 1 0 0 49404057 960912096 recall
1
serial
K8
lutil
1
6 STREAMING 0 16 1 1 4 0 0 3606529112 4084863331 none
7
1
serial
K4
lloaded
3
3 STRIDED 0 8 1 2 2 32 0 3020596694 2696569246 full
1
serial
K4
lloaded
1
6 STREAMING 0 16 1 1 4 0 0 4176679224 1739700731 full
1
serial
K8
lloaded
2
4 IRREGULAR 1 128 4 2 1 0 0 4020073116 130265506 none
1
serial
K8
lloaded
3
1 STREAMING 0 128 2 2 1 0 0 16199761 2993861955 none
1
serial
K4
lloaded
1
5 IRREGULAR 1 64 2 1 1 0 0 577161306 3576979841 llc
1
serial
K4
lloaded
3
2 IRREGULAR 4 32 4 1 4 0 0 1903137410 4188642651 full
1
serial
K8
lloaded
1
0 IRREGULAR 4 4 1 2 1 0 0 2085424230 4031357255 none
7
1
serial
K128
lutil
3
4 IRREGULAR 1 128 4 2 1 0 0 1803040966 444467160 none
1
serial
K32
lutil
3
0 IRREGULAR 4 4 1 2 1 0 0 3024915872 1966274644 none
1
serial
K32
lutil
3
2 IRREGULAR 4 32 4 1 4 0 0 84868202 3501892849 none
1
serial
K32
lutil
3
3 STRIDED 0 8 1 2 2 32 0 3126636349 2321404114 none
1
serial
K32
lutil
2
1 STREAMING 0 128 2 2 1 0 0 14634719 2064451698 recall
1
serial
K64
lutil
1
5 IRREGULAR 1 64 2 1 1 0 0 1089230610 3199752631 llc
1
serial
K32
lutil
1
6 STREAMING 0 16 1 1 4 0 0 2767087547 395716360 llc
7
1
serial
K512
lloaded
2
0 IRREGULAR 4 4 1 2 1 0 0 3474221173 565018329 llc
1
serial
K256
lloaded
2
6 STREAMING 0 16 1 1 4 0 0 1378667249 3017893367 llc
1
serial
K256
lloaded
1
2 IRREGULAR 4 32 4 1 4 0 0 2971339041 3294907484 recall
1
serial
K512
lloaded
3
4 IRREGULAR 1 128 4 2 1 0 0 778742413 3034399825 full
1
serial
K512
lloaded
3
5 IRREGULAR 1 64 2 1 1 0 0 189858321 2860747906 none
1
serial
K512
lloaded
3
1 STREAMING 0 128 2 2 1 0 0 1178091113 2435318832 none
1
serial
K256
lloaded
1
3 STRIDED 0 8 1 2 2 32 0 1120328738 2902127454 none
7
1
serial
M2
balanced
2
2 IRREGULAR 4 32 4 1 4 0 0 1505775190 1936226016 recall
1
serial
M4
balanced
2
4 IRREGULAR 1 128 4 2 1 0 0 1789817340 2420313618 full
1
serial
M1
balanced
3
0 IRREGULAR 4 4 1 2 1 0 0 3178152116 3478118200 full
1
serial
M2
balanced
1
6 STREAMING 0 16 1 1 4 0 0 2675167134 4211629666 llc
1
serial
M4
balanced
3
3 STRIDED 0 8 1 2 2 32 0 4008473312 123818727 full
1
serial
M1
balanced
3
5 IRREGULAR 1 64 2 1 1 0 0 3317930046 3612558518 none
1
serial
M4
balanced
3
1 STREAMING 0 128 2 2 1 0 0 4106617517 1854795408 llc
7
1
serial
K128
lutil
1
0 IRREGULAR 4 4 1 2 1 0 0 3397663657 332221512 llc
1
serial
K1
lutil
2
4 IRREGULAR 1 128 4 2 1 0 0 2501913073 1641083200 none
1
serial
K32
lutil
1
2 IRREGULAR 4 32 4 1 4 0 0 2711945963 744674706 recall
1
serial
K8
lutil
2
5 IRREGULAR 1 64 2 1 1 0 0 2278931131 1521801342 none
1
serial
K128
lutil
2
3 STRIDED 0 8 1 2 2 32 0 228399397 415108064 none
1
serial
K4
lutil
2
1 STREAMING 0 128 2 2 1 0 0 1409803934 2593246027 recall
1
serial
K2
lutil
2
6 STREAMING 0 16 1 1 4 0 0 69262000 1434120407 none
