35
1
3
serial
K16
balanced
3
6 STREAMING 0 64 4 1 1 0 0 1526198513 672663094 recall
5 STRIDED 0 16 4 2 2 64 0 935900571 1526198513 llc
0 STRIDED 0 16 4 4 2 256 0 2125621884 935900571 recall
1
4
serial
K64
lloaded
3
6 STREAMING 0 64 4 1 1 0 0 4121807987 3064272025 none
2 STREAMING 0 16 2 4 1 0 0 958202924 4121807987 recall
4 IRREGULAR 4 32 2 1 2 0 0 3029393794 958202924 none
0 STRIDED 0 16 4 4 2 256 0 1664434712 3029393794 recall
1
4
serial
K512
preferred
2
5 STRIDED 0 16 4 2 2 64 0 1366145249 3193285205 recall
1 IRREGULAR 0 16 2 4 4 0 0 3519479006 1366145249 llc
4 IRREGULAR 4 32 2 1 2 0 0 751107609 3519479006 none
2 STREAMING 0 16 2 4 1 0 0 1460365777 751107609 llc
1
5
serial
M1
lutil
3
4 IRREGULAR 4 32 2 1 2 0 0 3683778203 946278037 none
2 STREAMING 0 16 2 4 1 0 0 3866217391 3683778203 none
3 STREAMING 0 64 1 2 1 0 0 236094884 3866217391 full
5 STRIDED 0 16 4 2 2 64 0 1020735951 236094884 recall
0 STRIDED 0 16 4 4 2 256 0 1550297381 1020735951 full
1
3
serial
K128
balanced
1
2 STREAMING 0 16 2 4 1 0 0 2182422168 42434598 llc
1 IRREGULAR 0 16 2 4 4 0 0 2127078950 2182422168 recall
3 STREAMING 0 64 1 2 1 0 0 517289120 2127078950 recall
2
2
serial
K4
balanced
2
0 STRIDED 0 16 4 4 2 256 0 2149016069 1962883020 recall
5 STRIDED 0 16 4 2 2 64 0 3035650612 2149016069 full
1
serial
K2
balanced
3
4 IRREGULAR 4 32 2 1 2 0 0 1008154053 871521161 full
2
4
serial
K64
balanced
3
5 STRIDED 0 16 4 2 2 64 0 1013931672 1515354056 none
0 STRIDED 0 16 4 4 2 256 0 3207941945 1013931672 recall
1 IRREGULAR 0 16 2 4 4 0 0 1918874989 3207941945 llc
2 STREAMING 0 16 2 4 1 0 0 3156829790 1918874989 recall
1
serial
K128
balanced
3
3 STREAMING 0 64 1 2 1 0 0 2411230844 3245501069 recall
2
2
serial
K512
preferred
1
6 STREAMING 0 64 4 1 1 0 0 2627403682 909941305 none
2 STREAMING 0 16 2 4 1 0 0 3811178826 2627403682 recall
4
serial
K512
preferred
3
5 STRIDED 0 16 4 2 2 64 0 3733981063 3532511162 recall
0 STRIDED 0 16 4 4 2 256 0 1041954817 3733981063 full
4 IRREGULAR 4 32 2 1 2 0 0 3221036472 1041954817 llc
3 STREAMING 0 64 1 2 1 0 0 2863703325 3221036472 recall
2
3
serial
M4
balanced
2
0 STRIDED 0 16 4 4 2 256 0 3790652941 3045050971 none
4 IRREGULAR 4 32 2 1 2 0 0 2898783819 3790652941 recall
1 IRREGULAR 0 16 2 4 4 0 0 1906600546 2898783819 llc
1
serial
M2
balanced
1
5 STRIDED 0 16 4 2 2 64 0 2877397084 3386091272 full
2
1
serial
M2
balanced
2
2 STREAMING 0 16 2 4 1 0 0 2430542799 3303232816 recall
3
serial
K32
balanced
2
0 STRIDED 0 16 4 4 2 256 0 3267445257 3689238537 full
3 STREAMING 0 64 1 2 1 0 0 2347083286 3267445257 recall
5 STRIDED 0 16 4 2 2 64 0 3799787321 2347083286 llc
3
2
serial
K4
preferred
2
5 STRIDED 0 16 4 2 2 64 0 2274554810 906420978 full
3 STREAMING 0 64 1 2 1 0 0 167477327 2274554810 recall
2
serial
K2
preferred
2
0 STRIDED 0 16 4 4 2 256 0 1782462949 1267291225 full
6 STREAMING 0 64 4 1 1 0 0 730997599 1782462949 full
2
serial
K16
preferred
1
1 IRREGULAR 0 16 2 4 4 0 0 1567923049 2772113629 llc
4 IRREGULAR 4 32 2 1 2 0 0 3949045223 1567923049 none
3
4
serial
K32
lloaded
2
6 STREAMING 0 64 4 1 1 0 0 237376396 4257054043 recall
1 IRREGULAR 0 16 2 4 4 0 0 3453915616 237376396 full
5 STRIDED 0 16 4 2 2 64 0 4123691831 3453915616 llc
2 STREAMING 0 16 2 4 1 0 0 2449024032 4123691831 recall
2
serial
K32
lloaded
2
3 STREAMING 0 64 1 2 1 0 0 3767546266 674980930 full
0 STRIDED 0 16 4 4 2 256 0 2749489313 3767546266 full
1
serial
K64
lloaded
3
4 IRREGULAR 4 32 2 1 2 0 0 213058051 2694643341 llc
3
2
serial
K512
lutil
2
0 STRIDED 0 16 4 4 2 256 0 2826833238 2864028648 none
4 IRREGULAR 4 32 2 1 2 0 0 2436675803 2826833238 llc
1
serial
K256
lutil
3
2 STREAMING 0 16 2 4 1 0 0 194038472 4214547299 recall
2
serial
K256
lutil
2
3 STREAMING 0 64 1 2 1 0 0 3873397790 3658550032 llc
6 STREAMING 0 64 4 1 1 0 0 3904861439 3873397790 full
3
3
serial
M2
lloaded
3
2 STREAMING 0 16 2 4 1 0 0 1755762352 987096237 none
3 STREAMING 0 64 1 2 1 0 0 1884403641 1755762352 llc
6 STREAMING 0 64 4 1 1 0 0 3291515250 1884403641 full
2
serial
M4
lloaded
2
0 STRIDED 0 16 4 4 2 256 0 3016813675 2109548849 llc
5 STRIDED 0 16 4 2 2 64 0 2235164378 3016813675 llc
1
serial
M1
lloaded
3
1 IRREGULAR 0 16 2 4 4 0 0 3370161844 3362878602 none
3
1
serial
K2
balanced
2
2 STREAMING 0 16 2 4 1 0 0 978210346 1321117321 full
2
serial
M4
balanced
3
1 IRREGULAR 0 16 2 4 4 0 0 4254373075 1264822515 recall
3 STREAMING 0 64 1 2 1 0 0 1551545353 4254373075 recall
2
serial
K16
balanced
2
5 STRIDED 0 16 4 2 2 64 0 3983425558 1586303996 full
0 STRIDED 0 16 4 4 2 256 0 3056618418 3983425558 none
4
1
serial
K1
preferred
1
6 STREAMING 0 64 4 1 1 0 0 1642503694 1186282195 recall
1
serial
K1
preferred
3
3 STREAMING 0 64 1 2 1 0 0 4241608773 1057173080 full
1
serial
K4
preferred
3
4 IRREGULAR 4 32 2 1 2 0 0 2766100712 4139154715 none
1
serial
K2
preferred
3
2 STREAMING 0 16 2 4 1 0 0 4159920392 1300106315 none
4
3
serial
K128
lutil
2
4 IRREGULAR 4 32 2 1 2 0 0 4271466855 2728366391 llc
2 STREAMING 0 16 2 4 1 0 0 523082591 4271466855 llc
5 STRIDED 0 16 4 2 2 64 0 1176604131 523082591 full
2
serial
K128
lutil
2
0 STRIDED 0 16 4 4 2 256 0 2637320926 665460093 llc
3 STREAMING 0 64 1 2 1 0 0 409966437 2637320926 llc
1
serial
K128
lutil
1
6 STREAMING 0 64 4 1 1 0 0 2895193626 687040397 recall
1
serial
K128
lutil
2
1 IRREGULAR 0 16 2 4 4 0 0 4207576458 2611164416 full
4
1
serial
K256
preferred
1
0 STRIDED 0 16 4 4 2 256 0 1380840488 1759146038 none
2
serial
K512
preferred
2
5 STRIDED 0 16 4 2 2 64 0 1355822716 530830964 recall
2 STREAMING 0 16 2 4 1 0 0 2240770662 1355822716 recall
1
serial
K512
preferred
3
1 IRREGULAR 0 16 2 4 4 0 0 1429929253 4238165367 none
1
serial
K256
preferred
2
4 IRREGULAR 4 32 2 1 2 0 0 4026955696 2718177346 llc
4
3
serial
M1
balanced
3
5 STRIDED 0 16 4 2 2 64 0 4107263127 832997901 none
2 STREAMING 0 16 2 4 1 0 0 1663840877 4107263127 recall
0 STRIDED 0 16 4 4 2 256 0 3139577414 1663840877 full
1
serial
M2
balanced
3
1 IRREGULAR 0 16 2 4 4 0 0 1025543847 565101861 recall
2
serial
M1
balanced
3
4 IRREGULAR 4 32 2 1 2 0 0 3958080529 3089789359 full
3 STREAMING 0 64 1 2 1 0 0 3576439572 3958080529 none
1
serial
M2
balanced
3
6 STREAMING 0 64 4 1 1 0 0 3735000459 1543311272 recall
4
1
serial
K256
balanced
1
3 STREAMING 0 64 1 2 1 0 0 69158821 183166532 full
2
serial
M2
balanced
3
6 STREAMING 0 64 4 1 1 0 0 3172009212 2801560516 recall
4 IRREGULAR 4 32 2 1 2 0 0 2280901753 3172009212 llc
1
serial
K4
balanced
1
2 STREAMING 0 16 2 4 1 0 0 1047362607 2393374148 recall
2
serial
K512
balanced
3
0 STRIDED 0 16 4 4 2 256 0 3716929738 3633255150 none
1 IRREGULAR 0 16 2 4 4 0 0 579005097 3716929738 none
5
3
serial
K4
preferred
1
2 STREAMING 0 16 2 4 1 0 0 2287750428 977166640 llc
0 STRIDED 0 16 4 4 2 256 0 3729804934 2287750428 none
6 STREAMING 0 64 4 1 1 0 0 860670589 3729804934 full
1
serial
K4
preferred
1
3 STREAMING 0 64 1 2 1 0 0 1141036943 2581882199 full
1
serial
K4
preferred
3
5 STRIDED 0 16 4 2 2 64 0 1135947037 1486170162 recall
1
serial
K4
preferred
2
1 IRREGULAR 0 16 2 4 4 0 0 333593974 1625020766 none
1
serial
K4
preferred
2
4 IRREGULAR 4 32 2 1 2 0 0 3344314193 4041119594 recall
5
3
serial
K32
balanced
3
5 STRIDED 0 16 4 2 2 64 0 3870862031 3070495102 full
3 STREAMING 0 64 1 2 1 0 0 3168332231 3870862031 none
4 IRREGULAR 4 32 2 1 2 0 0 2722705666 3168332231 recall
1
serial
K32
balanced
3
1 IRREGULAR 0 16 2 4 4 0 0 1182088216 2982863932 full
1
serial
K128
balanced
1
2 STREAMING 0 16 2 4 1 0 0 558169556 998686695 none
1
serial
K64
balanced
3
0 STRIDED 0 16 4 4 2 256 0 1049334702 1356789980 none
1
serial
K32
balanced
1
6 STREAMING 0 64 4 1 1 0 0 129911728 2007088323 none
5
2
serial
K256
balanced
1
0 STRIDED 0 16 4 4 2 256 0 422495744 2982425313 recall
4 IRREGULAR 4 32 2 1 2 0 0 4072498975 422495744 full
2
serial
K256
balanced
1
5 STRIDED 0 16 4 2 2 64 0 4115654828 4095428737 full
2 STREAMING 0 16 2 4 1 0 0 2279000179 4115654828 full
1
serial
K256
balanced
1
1 IRREGULAR 0 16 2 4 4 0 0 2596513695 4023034120 full
1
serial
K256
balanced
1
3 STREAMING 0 64 1 2 1 0 0 901119675 3100179051 llc
1
serial
K512
balanced
1
6 STREAMING 0 64 4 1 1 0 0 1433690586 2893205872 llc
5
3
serial
M1
lutil
2
5 STRIDED 0 16 4 2 2 64 0 2330910395 2172007994 none
0 STRIDED 0 16 4 4 2 256 0 922383108 2330910395 full
4 IRREGULAR 4 32 2 1 2 0 0 3127541798 922383108 recall
1
serial
M4
lutil
1
6 STREAMING 0 64 4 1 1 0 0 1891490608 3351704675 none
1
serial
M2
lutil
2
2 STREAMING 0 16 2 4 1 0 0 3335388518 2265876170 full
1
serial
M4
lutil
2
1 IRREGULAR 0 16 2 4 4 0 0 3151344049 1456739571 recall
1
serial
M2
lutil
1
3 STREAMING 0 64 1 2 1 0 0 3533082817 3212658833 llc
5
2
serial
K128
preferred
1
3 STREAMING 0 64 1 2 1 0 0 1343466729 1676420715 recall
1 IRREGULAR 0 16 2 4 4 0 0 11672179 1343466729 llc
2
serial
K128
preferred
2
4 IRREGULAR 4 32 2 1 2 0 0 3429171075 255236426 full
6 STREAMING 0 64 4 1 1 0 0 2260787777 3429171075 none
1
serial
K8
preferred
2
0 STRIDED 0 16 4 4 2 256 0 1193098354 3893693105 recall
1
serial
K4
preferred
2
5 STRIDED 0 16 4 2 2 64 0 4013497936 4014598987 none
1
serial
M4
preferred
1
2 STREAMING 0 16 2 4 1 0 0 2293535966 3585609859 recall
6
1
serial
K1
lutil
2
4 IRREGULAR 4 32 2 1 2 0 0 2504131734 2783985627 none
1
serial
K4
lutil
1
0 STRIDED 0 16 4 4 2 256 0 1167224493 3569076400 full
1
serial
K1
lutil
3
6 STREAMING 0 64 4 1 1 0 0 2110524581 3966332715 recall
1
serial
K2
lutil
1
1 IRREGULAR 0 16 2 4 4 0 0 922078030 3509793705 none
1
serial
K16
lutil
3
5 STRIDED 0 16 4 2 2 64 0 2118149425 773599493 recall
1
serial
K16
lutil
2
2 STREAMING 0 16 2 4 1 0 0 1233090264 984936272 llc
6
1
serial
K128
balanced
2
5 STRIDED 0 16 4 2 2 64 0 4043852047 2657412755 recall
1
serial
K32
balanced
2
0 STRIDED 0 16 4 4 2 256 0 3323674699 3867092739 recall
2
serial
K128
balanced
3
6 STREAMING 0 64 4 1 1 0 0 417682085 3860568026 full
4 IRREGULAR 4 32 2 1 2 0 0 1971657683 417682085 full
1
serial
K32
balanced
3
2 STREAMING 0 16 2 4 1 0 0 3152392050 346843734 recall
1
serial
K32
balanced
1
1 IRREGULAR 0 16 2 4 4 0 0 895503990 2685102244 recall
1
serial
K128
balanced
2
3 STREAMING 0 64 1 2 1 0 0 386976674 422247723 full
6
1
serial
K512
lloaded
2
1 IRREGULAR 0 16 2 4 4 0 0 3894039885 1465327668 recall
2
serial
K256
lloaded
2
2 STREAMING 0 16 2 4 1 0 0 1084638391 141243619 recall
0 STRIDED 0 16 4 4 2 256 0 4071460897 1084638391 full
1
serial
K256
lloaded
2
3 STREAMING 0 64 1 2 1 0 0 667275116 3037863351 none
1
serial
K512
lloaded
2
4 IRREGULAR 4 32 2 1 2 0 0 213034100 671026003 none
1
serial
K256
lloaded
1
5 STRIDED 0 16 4 2 2 64 0 3477712624 1936473427 none
1
serial
K256
lloaded
3
6 STREAMING 0 64 4 1 1 0 0 3732548961 4157407733 llc
6
2
serial
M2
preferred
2
6 STREAMING 0 64 4 1 1 0 0 3020592975 1756111378 recall
1 IRREGULAR 0 16 2 4 4 0 0 3195417140 3020592975 llc
1
serial
M4
preferred
2
4 IRREGULAR 4 32 2 1 2 0 0 1541273900 494008405 recall
1
serial
M2
preferred
1
5 STRIDED 0 16 4 2 2 64 0 461897300 1290048699 full
1
serial
M2
preferred
1
3 STREAMING 0 64 1 2 1 0 0 2747331521 2408863100 none
1
serial
M2
preferred
2
0 STRIDED 0 16 4 4 2 256 0 2125527917 1331427624 full
1
serial
M2
preferred
1
2 STREAMING 0 16 2 4 1 0 0 1105567939 956518288 recall
6
2
serial
K8
balanced
3
5 STRIDED 0 16 4 2 2 64 0 2705293487 3747079214 llc
1 IRREGULAR 0 16 2 4 4 0 0 335226311 2705293487 none
1
serial
K4
balanced
3
0 STRIDED 0 16 4 4 2 256 0 316732778 929898753 recall
1
serial
K128
balanced
3
2 STREAMING 0 16 2 4 1 0 0 618912823 2454661632 none
1
serial
K16
balanced
1
3 STREAMING 0 64 1 2 1 0 0 2804038141 2158111374 recall
1
serial
K256
balanced
2
4 IRREGULAR 4 32 2 1 2 0 0 2400804422 2983340185 none
1
serial
K1
balanced
3
6 STREAMING 0 64 4 1 1 0 0 528729008 74497163 llc
7
1
serial
K4
preferred
2
4 IRREGULAR 4 32 2 1 2 0 0 3091450225 430322993 llc
1
serial
K16
preferred
1
0 STRIDED 0 16 4 4 2 256 0 956974777 1677096433 none
1
serial
K4
preferred
2
5 STRIDED 0 16 4 2 2 64 0 4036882248 3987350457 llc
1
serial
K1
preferred
2
6 STREAMING 0 64 4 1 1 0 0 1617094422 1701466321 full
1
serial
K8
preferred
1
1 IRREGULAR 0 16 2 4 4 0 0 486439231 61342005 llc
1
serial
K1
preferred
2
3 STREAMING 0 64 1 2 1 0 0 3210802411 4129525409 full
1
serial
K4
preferred
2
2 STREAMING 0 16 2 4 1 0 0 2445411530 2674034076 none
7
1
serial
K128
lutil
3
5 STRIDED 0 16 4 2 2 64 0 1851430019 1901176707 recall
1
serial
K32
lutil
1
3 STREAMING 0 64 1 2 1 0 0 2465419070 3388722860 full
1
serial
K32
lutil
2
0 STRIDED 0 16 4 4 2 256 0 600302568 1905534040 recall
1
serial
K32
lutil
2
6 STREAMING 0 64 4 1 1 0 0 1460324279 235110545 recall
1
serial
K128
lutil
1
4 IRREGULAR 4 32 2 1 2 0 0 1826278925 2588014148 llc
1
serial
K64
lutil
2
1 IRREGULAR 0 16 2 4 4 0 0 4241910832 2573331895 full
1
serial
K128
lutil
3
2 STREAMING 0 16 2 4 1 0 0 2635777804 2962532481 recall
7
1
serial
K256
balanced
1
2 STREAMING 0 16 2 4 1 0 0 3710392135 2107111144 full
1
serial
K512
balanced
1
4 IRREGULAR 4 32 2 1 2 0 0 2743417646 1614988626 full
1
serial
K512
balanced
2
0 STRIDED 0 16 4 4 2 256 0 2171047107 2217655983 full
1
serial
K256
balanced
3
6 STREAMING 0 64 4 1 1 0 0 172460723 1528145648 full
1
serial
K256
balanced
2
1 IRREGULAR 0 16 2 4 4 0 0 1226211707 3649546326 llc
1
serial
K256
balanced
3
3 STREAMING 0 64 1 2 1 0 0 1249619587 2825163449 none
1
serial
K512
balanced
2
5 STRIDED 0 16 4 2 2 64 0 4008893119 1568116269 full
7
1
serial
M1
lloaded
1
5 STRIDED 0 16 4 2 2 64 0 1895447109 790781843 none
1
serial
M2
lloaded
1
3 STREAMING 0 64 1 2 1 0 0 3335581414 3937549362 llc
1
serial
M4
lloaded
2
4 IRREGULAR 4 32 2 1 2 0 0 795100398 2451345399 none
1
serial
M4
lloaded
1
6 STREAMING 0 64 4 1 1 0 0 2027656305 2271912759 none
1
serial
M4
lloaded
2
1 IRREGULAR 0 16 2 4 4 0 0 1221673977 2768689843 full
1
serial
M1
lloaded
1
0 STRIDED 0 16 4 4 2 256 0 333442010 533390644 llc
1
serial
M1
lloaded
1
2 STREAMING 0 16 2 4 1 0 0 146839484 787879969 llc
7
1
serial
K64
lloaded
1
4 IRREGULAR 4 32 2 1 2 0 0 2093549726 4277892703 full
1
serial
M4
lloaded
1
6 STREAMING 0 64 4 1 1 0 0 31580547 3068071830 full
1
serial
K4
lloaded
2
5 STRIDED 0 16 4 2 2 64 0 2290499839 2734729318 recall
1
serial
M1
lloaded
1
2 STREAMING 0 16 2 4 1 0 0 357662599 4167401878 recall
1
serial
K64
lloaded
3
1 IRREGULAR 0 16 2 4 4 0 0 1033739020 2469887708 full
1
serial
K256
lloaded
1
3 STREAMING 0 64 1 2 1 0 0 1992777494 3639564302 recall
1
serial
K4
lloaded
1
0 STRIDED 0 16 4 4 2 256 0 2500486044 527634491 none
