40
1
3
serial
K8
lloaded
2
10 STRIDED 0 64 1 4 4 128 0 978241079 2381299183 recall
9 STREAMING 0 4 2 1 1 0 0 4291190177 978241079 none
8 STREAMING 0 32 2 2 2 0 0 123745229 4291190177 recall
1
5
serial
K128
balanced
1
12 STREAMING 0 64 4 4 1 0 0 3814349362 4269661878 recall
15 IRREGULAR 0 64 1 4 4 0 0 1525970704 3814349362 recall
5 STRIDED 0 64 2 1 4 128 0 1019130208 1525970704 recall
6 STREAMING 0 32 1 4 2 0 0 3381780584 1019130208 full
14 IRREGULAR 0 16 2 4 4 0 0 1364799996 3381780584 none
1
4
serial
K512
preferred
1
7 IRREGULAR 3 8 1 4 1 0 0 2921553830 1509844450 full
11 STREAMING 0 8 1 1 2 0 0 853922150 2921553830 recall
15 IRREGULAR 0 64 1 4 4 0 0 656023293 853922150 none
8 STREAMING 0 32 2 2 2 0 0 3729425464 656023293 none
1
9
serial
M4
lloaded
2
2 STREAMING 0 8 2 2 1 0 0 120360618 432564261 recall
6 STREAMING 0 32 1 4 2 0 0 743251832 120360618 recall
15 IRREGULAR 0 64 1 4 4 0 0 56419004 743251832 recall
12 STREAMING 0 64 4 4 1 0 0 3009323437 56419004 llc
13 STREAMING 0 4 4 2 2 0 0 605041749 3009323437 none
4 STRIDED 0 4 4 4 4 64 0 905653636 605041749 full
1 STREAMING 0 16 4 1 1 0 0 13773807 905653636 recall
14 IRREGULAR 0 16 2 4 4 0 0 675609125 13773807 llc
5 STRIDED 0 64 2 1 4 128 0 2639631112 675609125 recall
1
2
serial
K2
lutil
1
13 STREAMING 0 4 4 2 2 0 0 1272666621 2888035789 llc
9 STREAMING 0 4 2 1 1 0 0 189659073 1272666621 full
2
3
serial
K8
balanced
1
8 STREAMING 0 32 2 2 2 0 0 4256490796 2558531905 full
6 STREAMING 0 32 1 4 2 0 0 115501764 4256490796 full
7 IRREGULAR 3 8 1 4 1 0 0 2735113452 115501764 none
2
serial
K2
balanced
1
1 STREAMING 0 16 4 1 1 0 0 165383134 2517698861 llc
5 STRIDED 0 64 2 1 4 128 0 2779748973 165383134 full
2
4
serial
K32
lloaded
3
14 IRREGULAR 0 16 2 4 4 0 0 4073839752 425156292 llc
15 IRREGULAR 0 64 1 4 4 0 0 2549870912 4073839752 recall
13 STREAMING 0 4 4 2 2 0 0 2391683490 2549870912 recall
8 STREAMING 0 32 2 2 2 0 0 3533953145 2391683490 llc
6
serial
K32
lloaded
1
3 STRIDED 0 64 2 1 2 128 0 3785651942 2863757326 none
9 STREAMING 0 4 2 1 1 0 0 2890205153 3785651942 none
6 STREAMING 0 32 1 4 2 0 0 2299954402 2890205153 full
7 IRREGULAR 3 8 1 4 1 0 0 2967591842 2299954402 recall
2 STREAMING 0 8 2 2 1 0 0 1270456442 2967591842 llc
11 STREAMING 0 8 1 1 2 0 0 3337399108 1270456442 llc
2
6
serial
K256
balanced
2
4 STRIDED 0 4 4 4 4 64 0 3810421344 317440475 full
9 STREAMING 0 4 2 1 1 0 0 2562719490 3810421344 none
8 STREAMING 0 32 2 2 2 0 0 2632314743 2562719490 full
6 STREAMING 0 32 1 4 2 0 0 1010618800 2632314743 llc
10 STRIDED 0 64 1 4 4 128 0 2331165961 1010618800 recall
3 STRIDED 0 64 2 1 2 128 0 841497130 2331165961 recall
1
serial
K256
balanced
1
0 STREAMING 0 64 1 4 2 0 0 214498248 2679333964 llc
2
1
serial
M1
lutil
2
9 STREAMING 0 4 2 1 1 0 0 1387676110 3339943491 none
4
serial
M1
lutil
2
11 STREAMING 0 8 1 1 2 0 0 745241954 1132833996 none
6 STREAMING 0 32 1 4 2 0 0 3121728583 745241954 llc
15 IRREGULAR 0 64 1 4 4 0 0 2879506183 3121728583 recall
4 STRIDED 0 4 4 4 4 64 0 206584368 2879506183 llc
2
2
serial
K4
preferred
2
8 STREAMING 0 32 2 2 2 0 0 3090261267 4109842387 full
1 STREAMING 0 16 4 1 1 0 0 4161971749 3090261267 full
2
serial
K32
preferred
2
10 STRIDED 0 64 1 4 4 128 0 518152868 780071974 none
14 IRREGULAR 0 16 2 4 4 0 0 304360168 518152868 llc
3
5
serial
K8
balanced
3
13 STREAMING 0 4 4 2 2 0 0 51443265 880755876 none
2 STREAMING 0 8 2 2 1 0 0 669132718 51443265 recall
1 STREAMING 0 16 4 1 1 0 0 3801460217 669132718 none
10 STRIDED 0 64 1 4 4 128 0 3954174418 3801460217 recall
0 STREAMING 0 64 1 4 2 0 0 3176312466 3954174418 recall
3
serial
K16
balanced
3
11 STREAMING 0 8 1 1 2 0 0 2049187834 1641526037 recall
15 IRREGULAR 0 64 1 4 4 0 0 774227307 2049187834 none
4 STRIDED 0 4 4 4 4 64 0 686353443 774227307 none
2
serial
K16
balanced
2
14 IRREGULAR 0 16 2 4 4 0 0 693006935 3388364600 recall
8 STREAMING 0 32 2 2 2 0 0 1469567601 693006935 none
3
5
serial
K128
preferred
1
12 STREAMING 0 64 4 4 1 0 0 3522452724 342419998 full
11 STREAMING 0 8 1 1 2 0 0 2295738110 3522452724 recall
6 STREAMING 0 32 1 4 2 0 0 1595946823 2295738110 recall
14 IRREGULAR 0 16 2 4 4 0 0 2288728540 1595946823 full
5 STRIDED 0 64 2 1 4 128 0 2549251445 2288728540 full
4
serial
K128
preferred
2
0 STREAMING 0 64 1 4 2 0 0 1122755814 1603152151 full
9 STREAMING 0 4 2 1 1 0 0 2238857678 1122755814 llc
2 STREAMING 0 8 2 2 1 0 0 3776907839 2238857678 none
7 IRREGULAR 3 8 1 4 1 0 0 2330540862 3776907839 full
3
serial
K128
preferred
1
10 STRIDED 0 64 1 4 4 128 0 2611711706 3161709601 full
15 IRREGULAR 0 64 1 4 4 0 0 3860706752 2611711706 recall
3 STRIDED 0 64 2 1 2 128 0 337347869 3860706752 llc
3
1
serial
K512
preferred
3
2 STREAMING 0 8 2 2 1 0 0 1040371658 3934640314 recall
3
serial
K512
preferred
1
1 STREAMING 0 16 4 1 1 0 0 1068865643 1597492946 llc
13 STREAMING 0 4 4 2 2 0 0 1082826728 1068865643 recall
14 IRREGULAR 0 16 2 4 4 0 0 4245334723 1082826728 llc
1
serial
K256
preferred
3
15 IRREGULAR 0 64 1 4 4 0 0 582236997 799304916 llc
3
6
serial
M2
preferred
2
13 STREAMING 0 4 4 2 2 0 0 4057994914 1196312421 full
6 STREAMING 0 32 1 4 2 0 0 3677375808 4057994914 llc
8 STREAMING 0 32 2 2 2 0 0 3326525385 3677375808 full
15 IRREGULAR 0 64 1 4 4 0 0 2763352717 3326525385 recall
12 STREAMING 0 64 4 4 1 0 0 1291396264 2763352717 llc
4 STRIDED 0 4 4 4 4 64 0 930067835 1291396264 full
1
serial
M4
preferred
1
7 IRREGULAR 3 8 1 4 1 0 0 1492177594 1868830207 none
4
serial
M2
preferred
2
3 STRIDED 0 64 2 1 2 128 0 3129789286 1888103836 full
9 STREAMING 0 4 2 1 1 0 0 1888360153 3129789286 full
1 STREAMING 0 16 4 1 1 0 0 3256950326 1888360153 none
5 STRIDED 0 64 2 1 4 128 0 3988651258 3256950326 llc
3
7
serial
K128
lutil
2
2 STREAMING 0 8 2 2 1 0 0 202324253 2615285796 none
11 STREAMING 0 8 1 1 2 0 0 4164943140 202324253 llc
5 STRIDED 0 64 2 1 4 128 0 3691936791 4164943140 llc
4 STRIDED 0 4 4 4 4 64 0 2212997292 3691936791 llc
12 STREAMING 0 64 4 4 1 0 0 1719285426 2212997292 recall
6 STREAMING 0 32 1 4 2 0 0 147729760 1719285426 llc
9 STREAMING 0 4 2 1 1 0 0 2114263088 147729760 none
5
serial
K64
lutil
3
0 STREAMING 0 64 1 4 2 0 0 4026242932 2540315944 recall
13 STREAMING 0 4 4 2 2 0 0 2362949845 4026242932 full
10 STRIDED 0 64 1 4 4 128 0 1756858621 2362949845 llc
15 IRREGULAR 0 64 1 4 4 0 0 1929246279 1756858621 full
8 STREAMING 0 32 2 2 2 0 0 4126287261 1929246279 none
1
serial
K2
lutil
2
3 STRIDED 0 64 2 1 2 128 0 270404887 964966175 none
4
2
serial
K2
lloaded
3
1 STREAMING 0 16 4 1 1 0 0 3870840701 980729165 full
2 STREAMING 0 8 2 2 1 0 0 3629011256 3870840701 llc
3
serial
K8
lloaded
1
12 STREAMING 0 64 4 4 1 0 0 1643682757 1297162577 full
7 IRREGULAR 3 8 1 4 1 0 0 3831465629 1643682757 recall
4 STRIDED 0 4 4 4 4 64 0 1478489590 3831465629 recall
2
serial
K2
lloaded
3
3 STRIDED 0 64 2 1 2 128 0 1577608889 2836649780 llc
13 STREAMING 0 4 4 2 2 0 0 4134243028 1577608889 recall
1
serial
K4
lloaded
2
15 IRREGULAR 0 64 1 4 4 0 0 1412433934 1240932908 llc
4
1
serial
K128
preferred
1
13 STREAMING 0 4 4 2 2 0 0 3905471954 2752480130 llc
1
serial
K32
preferred
2
9 STREAMING 0 4 2 1 1 0 0 3402589051 2674803883 full
4
serial
K128
preferred
1
0 STREAMING 0 64 1 4 2 0 0 860815653 4268616486 llc
15 IRREGULAR 0 64 1 4 4 0 0 3160236403 860815653 none
7 IRREGULAR 3 8 1 4 1 0 0 3634326361 3160236403 recall
10 STRIDED 0 64 1 4 4 128 0 3982716988 3634326361 recall
7
serial
K64
preferred
3
6 STREAMING 0 32 1 4 2 0 0 2287717648 1085248731 none
14 IRREGULAR 0 16 2 4 4 0 0 3081883951 2287717648 recall
3 STRIDED 0 64 2 1 2 128 0 1269743034 3081883951 llc
11 STREAMING 0 8 1 1 2 0 0 1686881906 1269743034 full
1 STREAMING 0 16 4 1 1 0 0 1993804593 1686881906 recall
2 STREAMING 0 8 2 2 1 0 0 3364057715 1993804593 none
4 STRIDED 0 4 4 4 4 64 0 2426298075 3364057715 recall
4
2
serial
K256
preferred
1
2 STREAMING 0 8 2 2 1 0 0 376381554 1207761282 llc
9 STREAMING 0 4 2 1 1 0 0 1869203944 376381554 full
8
serial
K256
preferred
3
11 STREAMING 0 8 1 1 2 0 0 3112684844 3444302578 llc
12 STREAMING 0 64 4 4 1 0 0 2267195884 3112684844 full
3 STRIDED 0 64 2 1 2 128 0 1150794760 2267195884 full
0 STREAMING 0 64 1 4 2 0 0 3524864822 1150794760 full
15 IRREGULAR 0 64 1 4 4 0 0 4162266445 3524864822 none
14 IRREGULAR 0 16 2 4 4 0 0 1698585048 4162266445 recall
8 STREAMING 0 32 2 2 2 0 0 4197925614 1698585048 full
10 STRIDED 0 64 1 4 4 128 0 319920039 4197925614 none
2
serial
K512
preferred
2
13 STREAMING 0 4 4 2 2 0 0 921983043 798499376 full
5 STRIDED 0 64 2 1 4 128 0 1401171118 921983043 recall
1
serial
K512
preferred
2
7 IRREGULAR 3 8 1 4 1 0 0 42787556 2658388985 none
4
4
serial
M1
balanced
3
11 STREAMING 0 8 1 1 2 0 0 2660368743 1187303985 recall
1 STREAMING 0 16 4 1 1 0 0 3384507064 2660368743 recall
15 IRREGULAR 0 64 1 4 4 0 0 3950955326 3384507064 none
3 STRIDED 0 64 2 1 2 128 0 3907334720 3950955326 none
10
serial
M4
balanced
2
14 IRREGULAR 0 16 2 4 4 0 0 4258377290 3859111862 recall
13 STREAMING 0 4 4 2 2 0 0 3164915573 4258377290 none
9 STREAMING 0 4 2 1 1 0 0 2366991139 3164915573 llc
6 STREAMING 0 32 1 4 2 0 0 2556884579 2366991139 none
0 STREAMING 0 64 1 4 2 0 0 1979615393 2556884579 recall
7 IRREGULAR 3 8 1 4 1 0 0 4243917726 1979615393 recall
5 STRIDED 0 64 2 1 4 128 0 476281016 4243917726 recall
4 STRIDED 0 4 4 4 4 64 0 3044222221 476281016 llc
2 STREAMING 0 8 2 2 1 0 0 2236582337 3044222221 recall
10 STRIDED 0 64 1 4 4 128 0 1024723070 2236582337 none
1
serial
M2
balanced
3
12 STREAMING 0 64 4 4 1 0 0 2763937288 3531431401 none
1
serial
M2
balanced
1
8 STREAMING 0 32 2 2 2 0 0 1087995755 136826085 recall
4
6
serial
M2
lutil
3
15 IRREGULAR 0 64 1 4 4 0 0 4104383394 3173275465 none
9 STREAMING 0 4 2 1 1 0 0 1973650016 4104383394 recall
11 STREAMING 0 8 1 1 2 0 0 3351379322 1973650016 llc
8 STREAMING 0 32 2 2 2 0 0 1446694841 3351379322 full
0 STREAMING 0 64 1 4 2 0 0 1256324779 1446694841 full
13 STREAMING 0 4 4 2 2 0 0 2590219531 1256324779 full
5
serial
K128
lutil
3
1 STREAMING 0 16 4 1 1 0 0 595574478 1018137775 none
12 STREAMING 0 64 4 4 1 0 0 3958047098 595574478 recall
4 STRIDED 0 4 4 4 4 64 0 1670566358 3958047098 recall
2 STREAMING 0 8 2 2 1 0 0 2027005177 1670566358 none
10 STRIDED 0 64 1 4 4 128 0 3117030231 2027005177 llc
4
serial
K64
lutil
3
5 STRIDED 0 64 2 1 4 128 0 3984227906 2156456936 llc
6 STREAMING 0 32 1 4 2 0 0 2354071331 3984227906 none
7 IRREGULAR 3 8 1 4 1 0 0 918067048 2354071331 recall
14 IRREGULAR 0 16 2 4 4 0 0 218681279 918067048 none
1
serial
K1
lutil
3
3 STRIDED 0 64 2 1 2 128 0 2171319827 1122591171 full
6
2
serial
K4
lutil
2
0 STREAMING 0 64 1 4 2 0 0 2994960728 3262509795 recall
4 STRIDED 0 4 4 4 4 64 0 2477661056 2994960728 llc
2
serial
K4
lutil
1
9 STREAMING 0 4 2 1 1 0 0 1676081928 3128686134 llc
2 STREAMING 0 8 2 2 1 0 0 1880075757 1676081928 none
2
serial
K16
lutil
1
15 IRREGULAR 0 64 1 4 4 0 0 1432492509 2952507066 recall
10 STRIDED 0 64 1 4 4 128 0 1213125869 1432492509 full
1
serial
K2
lutil
3
6 STREAMING 0 32 1 4 2 0 0 2177024704 2529600358 none
1
serial
K16
lutil
2
13 STREAMING 0 4 4 2 2 0 0 2963585931 2249943 llc
1
serial
K8
lutil
1
8 STREAMING 0 32 2 2 2 0 0 4111731705 2605162034 none
6
3
serial
K128
preferred
3
1 STREAMING 0 16 4 1 1 0 0 1741174070 1645831720 recall
11 STREAMING 0 8 1 1 2 0 0 854784855 1741174070 llc
10 STRIDED 0 64 1 4 4 128 0 1288702571 854784855 full
1
serial
K64
preferred
2
5 STRIDED 0 64 2 1 4 128 0 2554765398 3526398539 full
3
serial
K32
preferred
3
7 IRREGULAR 3 8 1 4 1 0 0 1060005525 3059634288 none
4 STRIDED 0 4 4 4 4 64 0 4254893562 1060005525 none
13 STREAMING 0 4 4 2 2 0 0 1508844978 4254893562 full
3
serial
K32
preferred
3
2 STREAMING 0 8 2 2 1 0 0 2200175092 1717580444 recall
9 STREAMING 0 4 2 1 1 0 0 1201302819 2200175092 recall
12 STREAMING 0 64 4 4 1 0 0 1420436548 1201302819 recall
2
serial
K128
preferred
2
15 IRREGULAR 0 64 1 4 4 0 0 3125630768 1899116250 llc
8 STREAMING 0 32 2 2 2 0 0 638420051 3125630768 none
1
serial
K32
preferred
3
0 STREAMING 0 64 1 4 2 0 0 2271429895 746747144 none
6
6
serial
K256
preferred
2
3 STRIDED 0 64 2 1 2 128 0 2550772741 3397562096 llc
15 IRREGULAR 0 64 1 4 4 0 0 3738476742 2550772741 full
9 STREAMING 0 4 2 1 1 0 0 3916956417 3738476742 recall
2 STREAMING 0 8 2 2 1 0 0 497527269 3916956417 recall
8 STREAMING 0 32 2 2 2 0 0 1317516306 497527269 llc
5 STRIDED 0 64 2 1 4 128 0 1759219886 1317516306 none
5
serial
K512
preferred
2
7 IRREGULAR 3 8 1 4 1 0 0 594764628 2641460340 recall
13 STREAMING 0 4 4 2 2 0 0 2898120157 594764628 full
11 STREAMING 0 8 1 1 2 0 0 3962433925 2898120157 none
12 STREAMING 0 64 4 4 1 0 0 134863955 3962433925 none
14 IRREGULAR 0 16 2 4 4 0 0 2382819732 134863955 llc
1
serial
K256
preferred
2
10 STRIDED 0 64 1 4 4 128 0 4290556361 701379172 full
2
serial
K512
preferred
3
6 STREAMING 0 32 1 4 2 0 0 2596905406 2531251687 none
4 STRIDED 0 4 4 4 4 64 0 3599208109 2596905406 llc
1
serial
K512
preferred
3
1 STREAMING 0 16 4 1 1 0 0 2835085398 1658607760 none
1
serial
K512
preferred
3
0 STREAMING 0 64 1 4 2 0 0 2077344991 776248518 recall
6
9
serial
M1
lloaded
1
0 STREAMING 0 64 1 4 2 0 0 4031130830 851265100 recall
4 STRIDED 0 4 4 4 4 64 0 1420986382 4031130830 llc
9 STREAMING 0 4 2 1 1 0 0 461682070 1420986382 none
12 STREAMING 0 64 4 4 1 0 0 3385222647 461682070 none
14 IRREGULAR 0 16 2 4 4 0 0 99530154 3385222647 recall
1 STREAMING 0 16 4 1 1 0 0 567332862 99530154 llc
10 STRIDED 0 64 1 4 4 128 0 2017825945 567332862 none
8 STREAMING 0 32 2 2 2 0 0 2731178676 2017825945 llc
3 STRIDED 0 64 2 1 2 128 0 4277387170 2731178676 recall
2
serial
M1
lloaded
3
6 STREAMING 0 32 1 4 2 0 0 1599186129 114802464 llc
2 STREAMING 0 8 2 2 1 0 0 2914938734 1599186129 recall
2
serial
M2
lloaded
3
13 STREAMING 0 4 4 2 2 0 0 1877885246 1187731470 none
5 STRIDED 0 64 2 1 4 128 0 853027090 1877885246 none
1
serial
M4
lloaded
3
15 IRREGULAR 0 64 1 4 4 0 0 3969420246 3140573625 llc
1
serial
M4
lloaded
2
7 IRREGULAR 3 8 1 4 1 0 0 2927869944 459324919 none
1
serial
M4
lloaded
2
11 STREAMING 0 8 1 1 2 0 0 1214386795 2965303236 llc
6
2
serial
K2
lutil
2
2 STREAMING 0 8 2 2 1 0 0 3462630349 3112550632 llc
12 STREAMING 0 64 4 4 1 0 0 744202673 3462630349 recall
1
serial
M2
lutil
3
14 IRREGULAR 0 16 2 4 4 0 0 1338819033 537329888 llc
1
serial
K64
lutil
3
9 STREAMING 0 4 2 1 1 0 0 1042312293 3771637589 recall
1
serial
K128
lutil
2
3 STRIDED 0 64 2 1 2 128 0 4043544219 2777159040 full
5
serial
M1
lutil
3
8 STREAMING 0 32 2 2 2 0 0 1190896640 386160060 llc
0 STREAMING 0 64 1 4 2 0 0 1845854103 1190896640 none
11 STREAMING 0 8 1 1 2 0 0 2927017480 1845854103 llc
15 IRREGULAR 0 64 1 4 4 0 0 1105375689 2927017480 llc
13 STREAMING 0 4 4 2 2 0 0 3793923074 1105375689 none
1
serial
K512
lutil
1
5 STRIDED 0 64 2 1 4 128 0 2418200238 234849239 none
8
2
serial
K16
balanced
1
1 STREAMING 0 16 4 1 1 0 0 4222185914 1248326460 none
10 STRIDED 0 64 1 4 4 128 0 3320242507 4222185914 recall
4
serial
K16
balanced
1
7 IRREGULAR 3 8 1 4 1 0 0 917947866 2734695689 none
11 STREAMING 0 8 1 1 2 0 0 418801869 917947866 full
2 STREAMING 0 8 2 2 1 0 0 1671491108 418801869 recall
0 STREAMING 0 64 1 4 2 0 0 2982784156 1671491108 recall
3
serial
K16
balanced
2
15 IRREGULAR 0 64 1 4 4 0 0 3798353561 3864826763 full
9 STREAMING 0 4 2 1 1 0 0 3142746775 3798353561 full
5 STRIDED 0 64 2 1 4 128 0 3048438711 3142746775 llc
1
serial
K2
balanced
3
13 STREAMING 0 4 4 2 2 0 0 3695487354 176024856 full
1
serial
K2
balanced
3
6 STREAMING 0 32 1 4 2 0 0 689277945 2753220561 full
1
serial
K2
balanced
2
8 STREAMING 0 32 2 2 2 0 0 2719037561 3721324631 llc
1
serial
K4
balanced
1
4 STRIDED 0 4 4 4 4 64 0 3766568805 2681344261 full
1
serial
K16
balanced
3
3 STRIDED 0 64 2 1 2 128 0 2956749337 236037227 llc
8
4
serial
K32
lloaded
2
7 IRREGULAR 3 8 1 4 1 0 0 3673587925 2492502960 full
12 STREAMING 0 64 4 4 1 0 0 3857553703 3673587925 recall
14 IRREGULAR 0 16 2 4 4 0 0 1152710076 3857553703 llc
10 STRIDED 0 64 1 4 4 128 0 1456811742 1152710076 recall
3
serial
K64
lloaded
3
2 STREAMING 0 8 2 2 1 0 0 2368398980 1451089568 none
13 STREAMING 0 4 4 2 2 0 0 316192184 2368398980 full
5 STRIDED 0 64 2 1 4 128 0 516392301 316192184 llc
1
serial
K64
lloaded
2
11 STREAMING 0 8 1 1 2 0 0 1653546127 2416676844 llc
2
serial
K128
lloaded
2
9 STREAMING 0 4 2 1 1 0 0 2650531050 60828951 full
4 STRIDED 0 4 4 4 4 64 0 3869994643 2650531050 full
1
serial
K64
lloaded
2
6 STREAMING 0 32 1 4 2 0 0 1296422273 2436015178 llc
2
serial
K32
lloaded
3
15 IRREGULAR 0 64 1 4 4 0 0 1123859339 3541030336 full
8 STREAMING 0 32 2 2 2 0 0 930912249 1123859339 llc
1
serial
K64
lloaded
1
1 STREAMING 0 16 4 1 1 0 0 2769708486 3390114990 none
1
serial
K128
lloaded
3
0 STREAMING 0 64 1 4 2 0 0 1279535668 206148486 llc
8
3
serial
K512
preferred
1
0 STREAMING 0 64 1 4 2 0 0 2181199530 2378582613 recall
9 STREAMING 0 4 2 1 1 0 0 3404384385 2181199530 llc
13 STREAMING 0 4 4 2 2 0 0 4059590340 3404384385 llc
1
serial
K256
preferred
1
10 STRIDED 0 64 1 4 4 128 0 1734482890 1144390525 full
2
serial
K512
preferred
3
7 IRREGULAR 3 8 1 4 1 0 0 2918992825 2632187737 full
6 STREAMING 0 32 1 4 2 0 0 1156596056 2918992825 full
1
serial
K512
preferred
2
8 STREAMING 0 32 2 2 2 0 0 1396251280 2753498969 full
1
serial
K256
preferred
2
5 STRIDED 0 64 2 1 4 128 0 3316422018 1305225144 full
2
serial
K512
preferred
1
1 STREAMING 0 16 4 1 1 0 0 2224904788 2950584099 recall
14 IRREGULAR 0 16 2 4 4 0 0 3806934136 2224904788 recall
1
serial
K256
preferred
1
15 IRREGULAR 0 64 1 4 4 0 0 1196505063 138260315 full
1
serial
K256
preferred
3
12 STREAMING 0 64 4 4 1 0 0 2440637253 1466072471 llc
8
9
serial
M4
lutil
1
7 IRREGULAR 3 8 1 4 1 0 0 2330851584 3189220439 none
12 STREAMING 0 64 4 4 1 0 0 1853111450 2330851584 recall
8 STREAMING 0 32 2 2 2 0 0 2805947887 1853111450 none
0 STREAMING 0 64 1 4 2 0 0 3687333225 2805947887 llc
9 STREAMING 0 4 2 1 1 0 0 3859743342 3687333225 none
2 STREAMING 0 8 2 2 1 0 0 1032834025 3859743342 none
10 STRIDED 0 64 1 4 4 128 0 1743544817 1032834025 none
13 STREAMING 0 4 4 2 2 0 0 450114447 1743544817 recall
14 IRREGULAR 0 16 2 4 4 0 0 1729539761 450114447 none
1
serial
M4
lutil
3
6 STREAMING 0 32 1 4 2 0 0 2543196632 688792313 llc
1
serial
M4
lutil
2
1 STREAMING 0 16 4 1 1 0 0 1343203101 3315568320 none
1
serial
M1
lutil
3
4 STRIDED 0 4 4 4 4 64 0 3560635582 3617054957 llc
1
serial
M2
lutil
2
5 STRIDED 0 64 2 1 4 128 0 4292442406 1807725382 full
1
serial
M1
lutil
1
15 IRREGULAR 0 64 1 4 4 0 0 2351587208 1393327513 full
1
serial
M4
lutil
1
11 STREAMING 0 8 1 1 2 0 0 2607257452 801734907 recall
1
serial
M2
lutil
3
3 STRIDED 0 64 2 1 2 128 0 1641613639 4158532438 none
8
5
serial
M1
lloaded
3
13 STREAMING 0 4 4 2 2 0 0 3669040676 277348180 full
15 IRREGULAR 0 64 1 4 4 0 0 3213926703 3669040676 recall
10 STRIDED 0 64 1 4 4 128 0 2710689442 3213926703 recall
12 STREAMING 0 64 4 4 1 0 0 3419121146 2710689442 full
5 STRIDED 0 64 2 1 4 128 0 3297135166 3419121146 full
1
serial
K1
lloaded
2
11 STREAMING 0 8 1 1 2 0 0 4019110047 1433021332 full
1
serial
K8
lloaded
2
4 STRIDED 0 4 4 4 4 64 0 4133520772 4000501355 none
1
serial
K64
lloaded
2
7 IRREGULAR 3 8 1 4 1 0 0 1323691491 1983820602 llc
1
serial
K1
lloaded
2
9 STREAMING 0 4 2 1 1 0 0 2440870759 3388931793 llc
2
serial
K16
lloaded
1
1 STREAMING 0 16 4 1 1 0 0 2347896984 2899818539 llc
0 STREAMING 0 64 1 4 2 0 0 938297994 2347896984 full
1
serial
M1
lloaded
3
3 STRIDED 0 64 2 1 2 128 0 2492087158 1545436035 none
1
serial
M2
lloaded
1
6 STREAMING 0 32 1 4 2 0 0 103192421 960240900 full
9
3
serial
K16
lutil
1
6 STREAMING 0 32 1 4 2 0 0 1050158520 1030979815 none
9 STREAMING 0 4 2 1 1 0 0 1865875320 1050158520 none
11 STREAMING 0 8 1 1 2 0 0 1058739499 1865875320 none
3
serial
K16
lutil
1
13 STREAMING 0 4 4 2 2 0 0 3778682049 2111654861 llc
10 STRIDED 0 64 1 4 4 128 0 20343351 3778682049 full
3 STRIDED 0 64 2 1 2 128 0 1843618029 20343351 none
2
serial
K16
lutil
2
5 STRIDED 0 64 2 1 4 128 0 1372927810 2761467453 none
0 STREAMING 0 64 1 4 2 0 0 1628833160 1372927810 llc
1
serial
K8
lutil
1
1 STREAMING 0 16 4 1 1 0 0 466934617 4006911579 none
1
serial
K4
lutil
2
7 IRREGULAR 3 8 1 4 1 0 0 2480112739 1383752428 recall
1
serial
K2
lutil
2
2 STREAMING 0 8 2 2 1 0 0 2184044664 3418388700 llc
1
serial
K1
lutil
2
12 STREAMING 0 64 4 4 1 0 0 3059321997 2720572890 full
1
serial
K4
lutil
1
4 STRIDED 0 4 4 4 4 64 0 157758493 3454017949 full
1
serial
K1
lutil
2
8 STREAMING 0 32 2 2 2 0 0 5504392 3467775785 none
9
2
serial
K32
lloaded
2
4 STRIDED 0 4 4 4 4 64 0 393693845 2834802035 none
6 STREAMING 0 32 1 4 2 0 0 985169537 393693845 full
1
serial
K32
lloaded
3
15 IRREGULAR 0 64 1 4 4 0 0 1890016622 3306254969 recall
6
serial
K32
lloaded
1
12 STREAMING 0 64 4 4 1 0 0 919124538 975568956 none
3 STRIDED 0 64 2 1 2 128 0 1531959223 919124538 recall
14 IRREGULAR 0 16 2 4 4 0 0 846223588 1531959223 none
13 STREAMING 0 4 4 2 2 0 0 1708964509 846223588 recall
8 STREAMING 0 32 2 2 2 0 0 908466153 1708964509 recall
0 STREAMING 0 64 1 4 2 0 0 1897466145 908466153 recall
1
serial
K64
lloaded
1
2 STREAMING 0 8 2 2 1 0 0 3108500259 3940947621 none
2
serial
K64
lloaded
3
11 STREAMING 0 8 1 1 2 0 0 2079808887 838726983 none
5 STRIDED 0 64 2 1 4 128 0 3453349240 2079808887 full
1
serial
K128
lloaded
2
7 IRREGULAR 3 8 1 4 1 0 0 456626202 3950240623 recall
1
serial
K128
lloaded
2
10 STRIDED 0 64 1 4 4 128 0 2630110950 845934006 full
1
serial
K128
lloaded
1
9 STREAMING 0 4 2 1 1 0 0 1327103406 2268599318 full
1
serial
K64
lloaded
1
1 STREAMING 0 16 4 1 1 0 0 4122976857 3412104793 full
9
7
serial
K512
lutil
3
2 STREAMING 0 8 2 2 1 0 0 4102086019 1405665821 llc
4 STRIDED 0 4 4 4 4 64 0 703872926 4102086019 full
15 IRREGULAR 0 64 1 4 4 0 0 1712079967 703872926 full
11 STREAMING 0 8 1 1 2 0 0 1668389752 1712079967 llc
13 STREAMING 0 4 4 2 2 0 0 663320299 1668389752 llc
14 IRREGULAR 0 16 2 4 4 0 0 2908835369 663320299 recall
9 STREAMING 0 4 2 1 1 0 0 1246372736 2908835369 none
2
serial
K256
lutil
3
6 STREAMING 0 32 1 4 2 0 0 1711682788 3424400103 recall
8 STREAMING 0 32 2 2 2 0 0 30946241 1711682788 llc
1
serial
K512
lutil
2
5 STRIDED 0 64 2 1 4 128 0 172785861 3771545365 recall
1
serial
K512
lutil
2
3 STRIDED 0 64 2 1 2 128 0 870828795 667857063 none
1
serial
K256
lutil
3
12 STREAMING 0 64 4 4 1 0 0 3387280525 1144552856 full
1
serial
K512
lutil
3
1 STREAMING 0 16 4 1 1 0 0 3183743792 1060074012 none
1
serial
K256
lutil
3
7 IRREGULAR 3 8 1 4 1 0 0 330627689 1985277110 full
1
serial
K256
lutil
3
0 STREAMING 0 64 1 4 2 0 0 2234628412 210616949 llc
1
serial
K256
lutil
2
10 STRIDED 0 64 1 4 4 128 0 3152319984 4126532434 llc
9
4
serial
M1
lloaded
3
2 STREAMING 0 8 2 2 1 0 0 371237973 1851021622 full
13 STREAMING 0 4 4 2 2 0 0 1045880307 371237973 full
0 STREAMING 0 64 1 4 2 0 0 1601461479 1045880307 full
15 IRREGULAR 0 64 1 4 4 0 0 3185372217 1601461479 none
5
serial
M1
lloaded
2
11 STREAMING 0 8 1 1 2 0 0 2719903039 3956835118 recall
5 STRIDED 0 64 2 1 4 128 0 2224727921 2719903039 none
8 STREAMING 0 32 2 2 2 0 0 3299797138 2224727921 llc
7 IRREGULAR 3 8 1 4 1 0 0 4034702319 3299797138 full
4 STRIDED 0 4 4 4 4 64 0 3477897086 4034702319 recall
1
serial
M1
lloaded
1
3 STRIDED 0 64 2 1 2 128 0 2054240760 2310553581 llc
1
serial
M4
lloaded
2
14 IRREGULAR 0 16 2 4 4 0 0 2660452820 929262105 full
1
serial
M2
lloaded
1
12 STREAMING 0 64 4 4 1 0 0 600000624 3908461766 llc
1
serial
M1
lloaded
1
1 STREAMING 0 16 4 1 1 0 0 79512790 1790433160 llc
1
serial
M2
lloaded
2
10 STRIDED 0 64 1 4 4 128 0 3856459502 1928232348 none
1
serial
M2
lloaded
1
6 STREAMING 0 32 1 4 2 0 0 2365017714 2314620255 recall
1
serial
M2
lloaded
3
9 STREAMING 0 4 2 1 1 0 0 2594874565 125703768 llc
9
7
serial
K64
balanced
3
2 STREAMING 0 8 2 2 1 0 0 2117009665 2183039334 recall
11 STREAMING 0 8 1 1 2 0 0 3677430705 2117009665 recall
1 STREAMING 0 16 4 1 1 0 0 2221907508 3677430705 llc
12 STREAMING 0 64 4 4 1 0 0 1940458112 2221907508 recall
5 STRIDED 0 64 2 1 4 128 0 917688585 1940458112 none
4 STRIDED 0 4 4 4 4 64 0 2564578687 917688585 none
6 STREAMING 0 32 1 4 2 0 0 2643157148 2564578687 none
1
serial
M4
balanced
2
7 IRREGULAR 3 8 1 4 1 0 0 2318104451 2717440349 full
1
serial
K32
balanced
2
13 STREAMING 0 4 4 2 2 0 0 193229857 156122377 full
1
serial
K16
balanced
1
0 STREAMING 0 64 1 4 2 0 0 2467941153 2122449953 recall
1
serial
M2
balanced
3
15 IRREGULAR 0 64 1 4 4 0 0 1828196099 649918608 full
1
serial
K128
balanced
1
9 STREAMING 0 4 2 1 1 0 0 2245260881 4049713296 recall
1
serial
K2
balanced
1
10 STRIDED 0 64 1 4 4 128 0 3100947618 1866212773 llc
1
serial
K512
balanced
2
8 STREAMING 0 32 2 2 2 0 0 3100741671 1926395187 llc
1
serial
K128
balanced
3
3 STRIDED 0 64 2 1 2 128 0 3083935280 495620714 none
12
3
serial
K16
lloaded
3
4 STRIDED 0 4 4 4 4 64 0 3919990966 2570772070 full
13 STREAMING 0 4 4 2 2 0 0 603944157 3919990966 llc
10 STRIDED 0 64 1 4 4 128 0 3402614189 603944157 full
2
serial
K8
lloaded
2
0 STREAMING 0 64 1 4 2 0 0 3608599720 3044967842 recall
11 STREAMING 0 8 1 1 2 0 0 3840964154 3608599720 llc
1
serial
K4
lloaded
1
1 STREAMING 0 16 4 1 1 0 0 1701449062 2165065854 none
1
serial
K2
lloaded
2
7 IRREGULAR 3 8 1 4 1 0 0 1340429693 2382613734 full
1
serial
K4
lloaded
3
2 STREAMING 0 8 2 2 1 0 0 2859653101 1728438912 full
2
serial
K4
lloaded
1
8 STREAMING 0 32 2 2 2 0 0 3109389808 265958637 full
12 STREAMING 0 64 4 4 1 0 0 3541444657 3109389808 full
1
serial
K1
lloaded
1
5 STRIDED 0 64 2 1 4 128 0 1671249277 20737227 llc
1
serial
K4
lloaded
1
14 IRREGULAR 0 16 2 4 4 0 0 1830086346 2450313136 llc
1
serial
K16
lloaded
1
6 STREAMING 0 32 1 4 2 0 0 118990361 684572967 full
1
serial
K8
lloaded
3
9 STREAMING 0 4 2 1 1 0 0 2096222960 2416173839 recall
1
serial
K4
lloaded
3
3 STRIDED 0 64 2 1 2 128 0 1640376962 957745414 llc
1
serial
K1
lloaded
1
15 IRREGULAR 0 64 1 4 4 0 0 1323100141 3180672494 none
12
3
serial
K128
lloaded
3
1 STREAMING 0 16 4 1 1 0 0 2121974599 2759822744 full
10 STRIDED 0 64 1 4 4 128 0 3969801910 2121974599 recall
14 IRREGULAR 0 16 2 4 4 0 0 980639662 3969801910 none
1
serial
K32
lloaded
1
7 IRREGULAR 3 8 1 4 1 0 0 2915786170 4023815606 recall
3
serial
K128
lloaded
1
8 STREAMING 0 32 2 2 2 0 0 2013559258 4045569099 full
4 STRIDED 0 4 4 4 4 64 0 937967564 2013559258 none
13 STREAMING 0 4 4 2 2 0 0 105390146 937967564 none
1
serial
K64
lloaded
3
6 STREAMING 0 32 1 4 2 0 0 1390983609 2265682254 llc
1
serial
K128
lloaded
1
0 STREAMING 0 64 1 4 2 0 0 331987067 1746004101 recall
1
serial
K128
lloaded
1
15 IRREGULAR 0 64 1 4 4 0 0 884863088 56190469 llc
1
serial
K128
lloaded
1
9 STREAMING 0 4 2 1 1 0 0 3737883017 3362009135 full
1
serial
K128
lloaded
2
5 STRIDED 0 64 2 1 4 128 0 2892844615 2825755955 recall
1
serial
K64
lloaded
2
11 STREAMING 0 8 1 1 2 0 0 1301097124 823202899 full
1
serial
K128
lloaded
1
2 STREAMING 0 8 2 2 1 0 0 356199332 495690114 none
1
serial
K64
lloaded
2
12 STREAMING 0 64 4 4 1 0 0 3591599846 2692752958 full
1
serial
K64
lloaded
1
3 STRIDED 0 64 2 1 2 128 0 2944450100 1523557378 full
12
1
serial
K512
balanced
3
13 STREAMING 0 4 4 2 2 0 0 2879307028 3880012870 none
4
serial
K256
balanced
1
5 STRIDED 0 64 2 1 4 128 0 1502960337 1739117988 recall
2 STREAMING 0 8 2 2 1 0 0 2650453035 1502960337 none
10 STRIDED 0 64 1 4 4 128 0 394822342 2650453035 full
11 STREAMING 0 8 1 1 2 0 0 913458165 394822342 recall
2
serial
K512
balanced
1
8 STREAMING 0 32 2 2 2 0 0 2530766757 1960439831 none
15 IRREGULAR 0 64 1 4 4 0 0 1549835441 2530766757 full
1
serial
K256
balanced
1
9 STREAMING 0 4 2 1 1 0 0 2988957696 1344763288 recall
1
serial
K512
balanced
2
1 STREAMING 0 16 4 1 1 0 0 459955677 2285481161 recall
1
serial
K256
balanced
3
6 STREAMING 0 32 1 4 2 0 0 4192268929 519627347 full
1
serial
K256
balanced
2
4 STRIDED 0 4 4 4 4 64 0 1076321628 624922613 none
1
serial
K256
balanced
2
0 STREAMING 0 64 1 4 2 0 0 179633582 3372387318 llc
1
serial
K512
balanced
3
3 STRIDED 0 64 2 1 2 128 0 612668160 178560915 recall
1
serial
K256
balanced
3
7 IRREGULAR 3 8 1 4 1 0 0 4101732334 3488693610 full
1
serial
K256
balanced
3
12 STREAMING 0 64 4 4 1 0 0 550669548 1328955597 recall
1
serial
K512
balanced
2
14 IRREGULAR 0 16 2 4 4 0 0 485051638 1816320844 none
12
4
serial
M4
lutil
2
12 STREAMING 0 64 4 4 1 0 0 2117919089 2446918388 none
6 STREAMING 0 32 1 4 2 0 0 2690118002 2117919089 llc
7 IRREGULAR 3 8 1 4 1 0 0 1943243014 2690118002 recall
10 STRIDED 0 64 1 4 4 128 0 70027748 1943243014 none
2
serial
M1
lutil
1
4 STRIDED 0 4 4 4 4 64 0 2318118948 718939040 recall
14 IRREGULAR 0 16 2 4 4 0 0 2999131576 2318118948 none
1
serial
M4
lutil
3
13 STREAMING 0 4 4 2 2 0 0 2693540127 4109656496 recall
1
serial
M1
lutil
2
9 STREAMING 0 4 2 1 1 0 0 3248893369 2693776315 none
1
serial
M4
lutil
3
11 STREAMING 0 8 1 1 2 0 0 1054982376 2023858483 full
1
serial
M1
lutil
2
15 IRREGULAR 0 64 1 4 4 0 0 2366146351 2317991348 full
1
serial
M2
lutil
1
1 STREAMING 0 16 4 1 1 0 0 1812471510 1663949880 recall
1
serial
M2
lutil
1
3 STRIDED 0 64 2 1 2 128 0 3826411820 1452722069 llc
1
serial
M2
lutil
2
5 STRIDED 0 64 2 1 4 128 0 734199196 3964671928 none
1
serial
M4
lutil
3
2 STREAMING 0 8 2 2 1 0 0 608987531 4235550672 llc
1
serial
M4
lutil
3
8 STREAMING 0 32 2 2 2 0 0 207153360 2554341831 llc
1
serial
M2
lutil
2
0 STREAMING 0 64 1 4 2 0 0 3970329512 4073897209 llc
12
2
serial
K32
preferred
3
2 STREAMING 0 8 2 2 1 0 0 718795275 683866210 full
3 STRIDED 0 64 2 1 2 128 0 1258330691 718795275 llc
3
serial
K32
preferred
2
14 IRREGULAR 0 16 2 4 4 0 0 2252559376 2884472472 recall
1 STREAMING 0 16 4 1 1 0 0 3921161703 2252559376 llc
15 IRREGULAR 0 64 1 4 4 0 0 1531692130 3921161703 none
1
serial
K4
preferred
2
10 STRIDED 0 64 1 4 4 128 0 56823999 1889019367 full
1
serial
K16
preferred
3
13 STREAMING 0 4 4 2 2 0 0 2011189902 3363936651 recall
1
serial
M1
preferred
2
7 IRREGULAR 3 8 1 4 1 0 0 865470134 2931729515 llc
2
serial
K512
preferred
2
6 STREAMING 0 32 1 4 2 0 0 2111432812 2947925045 llc
0 STREAMING 0 64 1 4 2 0 0 1781079822 2111432812 full
1
serial
M4
preferred
2
12 STREAMING 0 64 4 4 1 0 0 2862307030 2932486062 llc
1
serial
K4
preferred
3
11 STREAMING 0 8 1 1 2 0 0 47867967 64444177 none
1
serial
K32
preferred
3
9 STREAMING 0 4 2 1 1 0 0 2439775668 2710889270 none
1
serial
K512
preferred
3
5 STRIDED 0 64 2 1 4 128 0 542126410 1263000970 none
1
serial
M4
preferred
1
4 STRIDED 0 4 4 4 4 64 0 3413325077 3973244530 llc
1
serial
K512
preferred
2
8 STREAMING 0 32 2 2 2 0 0 2450405938 1184627807 full
