35
1
3
serial
K4
lloaded
2
1 STRIDED 0 128 4 4 2 256 0 2899163015 3555385412 full
6 STREAMING 0 32 2 1 1 0 0 1728233014 2899163015 llc
2 STREAMING 0 16 2 4 1 0 0 2011446788 1728233014 full
1
5
serial
K128
balanced
3
1 STRIDED 0 128 4 4 2 256 0 754929445 2796624038 recall
7 STRIDED 0 4 4 4 1 128 0 1129064893 754929445 recall
3 IRREGULAR 2 64 1 4 1 0 0 3163220267 1129064893 recall
0 IRREGULAR 1 32 4 1 1 0 0 2897431828 3163220267 full
8 STRIDED 0 64 1 2 2 256 0 733338943 2897431828 full
1
4
serial
K256
preferred
2
2 STREAMING 0 16 2 4 1 0 0 757197003 3041318760 recall
0 IRREGULAR 1 32 4 1 1 0 0 2694694219 757197003 recall
1 STRIDED 0 128 4 4 2 256 0 1898901429 2694694219 full
5 STRIDED 0 128 4 2 1 256 0 2730146312 1898901429 llc
1
8
serial
M2
lutil
1
1 STRIDED 0 128 4 4 2 256 0 2182042775 1398705551 recall
7 STRIDED 0 4 4 4 1 128 0 4216081936 2182042775 llc
6 STREAMING 0 32 2 1 1 0 0 1059890979 4216081936 llc
2 STREAMING 0 16 2 4 1 0 0 2029776407 1059890979 recall
0 IRREGULAR 1 32 4 1 1 0 0 1924175084 2029776407 llc
4 STRIDED 0 64 4 4 4 128 0 3825974746 1924175084 recall
8 STRIDED 0 64 1 2 2 256 0 1918551597 3825974746 none
5 STRIDED 0 128 4 2 1 256 0 2271427364 1918551597 llc
1
2
serial
M4
lloaded
2
4 STRIDED 0 64 4 4 4 128 0 1850921928 1674078928 llc
5 STRIDED 0 128 4 2 1 256 0 2416207415 1850921928 full
2
2
serial
K1
balanced
1
7 STRIDED 0 4 4 4 1 128 0 247652187 2873958280 full
5 STRIDED 0 128 4 2 1 256 0 3031328870 247652187 recall
1
serial
K8
balanced
3
1 STRIDED 0 128 4 4 2 256 0 2781560590 120613898 llc
2
1
serial
K32
balanced
2
7 STRIDED 0 4 4 4 1 128 0 712032564 3374051418 recall
2
serial
K64
balanced
2
3 IRREGULAR 2 64 1 4 1 0 0 240669723 3637370890 full
1 STRIDED 0 128 4 4 2 256 0 3111398590 240669723 full
2
1
serial
K256
balanced
2
4 STRIDED 0 64 4 4 4 128 0 2330849579 2173513731 recall
3
serial
K512
balanced
2
7 STRIDED 0 4 4 4 1 128 0 822031539 2942294205 none
2 STREAMING 0 16 2 4 1 0 0 730425051 822031539 none
8 STRIDED 0 64 1 2 2 256 0 4113311598 730425051 full
2
4
serial
M1
balanced
2
0 IRREGULAR 1 32 4 1 1 0 0 3785609942 4075546389 full
1 STRIDED 0 128 4 4 2 256 0 825579870 3785609942 full
7 STRIDED 0 4 4 4 1 128 0 2753101320 825579870 recall
5 STRIDED 0 128 4 2 1 256 0 1981855232 2753101320 full
4
serial
M1
balanced
2
3 IRREGULAR 2 64 1 4 1 0 0 1777979086 1984165473 llc
8 STRIDED 0 64 1 2 2 256 0 1100569733 1777979086 llc
6 STREAMING 0 32 2 1 1 0 0 1851459616 1100569733 full
4 STRIDED 0 64 4 4 4 128 0 1908437178 1851459616 llc
2
7
serial
K16
lutil
1
0 IRREGULAR 1 32 4 1 1 0 0 1475693845 1038331467 recall
6 STREAMING 0 32 2 1 1 0 0 3358995266 1475693845 llc
2 STREAMING 0 16 2 4 1 0 0 4282723704 3358995266 none
8 STRIDED 0 64 1 2 2 256 0 3071613308 4282723704 llc
3 IRREGULAR 2 64 1 4 1 0 0 1567014006 3071613308 full
5 STRIDED 0 128 4 2 1 256 0 317382116 1567014006 llc
7 STRIDED 0 4 4 4 1 128 0 573414512 317382116 full
1
serial
K16
lutil
1
4 STRIDED 0 64 4 4 4 128 0 930534872 2191087282 full
3
4
serial
K8
balanced
3
1 STRIDED 0 128 4 4 2 256 0 1790306087 2450883705 recall
2 STREAMING 0 16 2 4 1 0 0 2406760920 1790306087 llc
7 STRIDED 0 4 4 4 1 128 0 3904216846 2406760920 llc
6 STREAMING 0 32 2 1 1 0 0 2988534659 3904216846 recall
2
serial
K4
balanced
1
4 STRIDED 0 64 4 4 4 128 0 3916091184 1316448750 recall
3 IRREGULAR 2 64 1 4 1 0 0 52027690 3916091184 none
1
serial
K4
balanced
1
0 IRREGULAR 1 32 4 1 1 0 0 3641066247 591441868 full
3
2
serial
K32
balanced
2
1 STRIDED 0 128 4 4 2 256 0 3782925092 2251893299 full
7 STRIDED 0 4 4 4 1 128 0 3959199311 3782925092 recall
1
serial
K64
balanced
2
6 STREAMING 0 32 2 1 1 0 0 428216881 3872858708 llc
1
serial
K64
balanced
3
3 IRREGULAR 2 64 1 4 1 0 0 2429451517 528660666 llc
3
2
serial
K512
lutil
1
4 STRIDED 0 64 4 4 4 128 0 11250133 750230561 recall
5 STRIDED 0 128 4 2 1 256 0 3556896308 11250133 none
6
serial
K512
lutil
1
0 IRREGULAR 1 32 4 1 1 0 0 4057909594 1933031209 recall
3 IRREGULAR 2 64 1 4 1 0 0 577766388 4057909594 recall
7 STRIDED 0 4 4 4 1 128 0 1921480636 577766388 llc
2 STREAMING 0 16 2 4 1 0 0 471350383 1921480636 full
8 STRIDED 0 64 1 2 2 256 0 3442996861 471350383 recall
1 STRIDED 0 128 4 4 2 256 0 1323449176 3442996861 llc
1
serial
K256
lutil
3
6 STREAMING 0 32 2 1 1 0 0 3091917678 1917403496 full
3
1
serial
M1
lutil
1
4 STRIDED 0 64 4 4 4 128 0 1810161251 4217877884 none
7
serial
M1
lutil
2
6 STREAMING 0 32 2 1 1 0 0 1248818530 2559226633 full
5 STRIDED 0 128 4 2 1 256 0 2105952117 1248818530 llc
7 STRIDED 0 4 4 4 1 128 0 324283850 2105952117 full
0 IRREGULAR 1 32 4 1 1 0 0 3638899979 324283850 full
3 IRREGULAR 2 64 1 4 1 0 0 2507556277 3638899979 recall
1 STRIDED 0 128 4 4 2 256 0 3177977640 2507556277 none
8 STRIDED 0 64 1 2 2 256 0 1399659634 3177977640 full
1
serial
M1
lutil
1
2 STREAMING 0 16 2 4 1 0 0 3878874829 3511028646 full
3
2
serial
K512
lutil
1
5 STRIDED 0 128 4 2 1 256 0 3312049212 2574995695 full
3 IRREGULAR 2 64 1 4 1 0 0 2265108267 3312049212 full
3
serial
M2
lutil
1
4 STRIDED 0 64 4 4 4 128 0 3743877805 2688748036 llc
7 STRIDED 0 4 4 4 1 128 0 1028545575 3743877805 full
2 STREAMING 0 16 2 4 1 0 0 1157912620 1028545575 full
1
serial
K1
lutil
1
0 IRREGULAR 1 32 4 1 1 0 0 3154618748 3278514459 llc
4
1
serial
K16
balanced
2
1 STRIDED 0 128 4 4 2 256 0 4144429884 2188021478 recall
1
serial
K8
balanced
1
5 STRIDED 0 128 4 2 1 256 0 3258140406 1938163791 none
1
serial
K4
balanced
1
0 IRREGULAR 1 32 4 1 1 0 0 4219920321 276547389 full
2
serial
K2
balanced
3
8 STRIDED 0 64 1 2 2 256 0 3953100367 2726237824 llc
3 IRREGULAR 2 64 1 4 1 0 0 580879571 3953100367 none
4
6
serial
K128
balanced
1
5 STRIDED 0 128 4 2 1 256 0 191700564 3851993123 none
0 IRREGULAR 1 32 4 1 1 0 0 171389214 191700564 none
3 IRREGULAR 2 64 1 4 1 0 0 2043672711 171389214 recall
1 STRIDED 0 128 4 4 2 256 0 3183059931 2043672711 none
7 STRIDED 0 4 4 4 1 128 0 608211521 3183059931 full
2 STREAMING 0 16 2 4 1 0 0 4119602826 608211521 full
1
serial
K128
balanced
3
8 STRIDED 0 64 1 2 2 256 0 1926792380 583024038 llc
1
serial
K64
balanced
3
4 STRIDED 0 64 4 4 4 128 0 1926728291 3878397969 llc
1
serial
K64
balanced
1
6 STREAMING 0 32 2 1 1 0 0 1930891212 853952960 none
4
4
serial
K256
preferred
3
3 IRREGULAR 2 64 1 4 1 0 0 1474922047 541381347 recall
4 STRIDED 0 64 4 4 4 128 0 2764399719 1474922047 full
0 IRREGULAR 1 32 4 1 1 0 0 787289009 2764399719 llc
7 STRIDED 0 4 4 4 1 128 0 832102391 787289009 full
2
serial
K256
preferred
3
2 STREAMING 0 16 2 4 1 0 0 3053458323 2473238776 recall
5 STRIDED 0 128 4 2 1 256 0 1520726704 3053458323 llc
1
serial
K256
preferred
2
6 STREAMING 0 32 2 1 1 0 0 1664951890 2053022967 llc
1
serial
K512
preferred
1
8 STRIDED 0 64 1 2 2 256 0 3821004657 2091733987 none
4
5
serial
M1
balanced
1
8 STRIDED 0 64 1 2 2 256 0 1349641636 2916028265 recall
6 STREAMING 0 32 2 1 1 0 0 2907907172 1349641636 none
0 IRREGULAR 1 32 4 1 1 0 0 4065426108 2907907172 full
5 STRIDED 0 128 4 2 1 256 0 3692766498 4065426108 none
3 IRREGULAR 2 64 1 4 1 0 0 4285283251 3692766498 llc
1
serial
M1
balanced
1
1 STRIDED 0 128 4 4 2 256 0 2339969492 2094265950 full
1
serial
M2
balanced
3
4 STRIDED 0 64 4 4 4 128 0 849791626 1147934147 full
2
serial
M1
balanced
2
2 STREAMING 0 16 2 4 1 0 0 512792979 433824569 none
7 STRIDED 0 4 4 4 1 128 0 3667232913 512792979 recall
4
2
serial
K64
balanced
2
6 STREAMING 0 32 2 1 1 0 0 1634947620 489289945 none
3 IRREGULAR 2 64 1 4 1 0 0 2855153022 1634947620 none
5
serial
K128
balanced
2
0 IRREGULAR 1 32 4 1 1 0 0 1164312658 2311222384 full
5 STRIDED 0 128 4 2 1 256 0 1564798702 1164312658 full
8 STRIDED 0 64 1 2 2 256 0 2704020365 1564798702 llc
2 STREAMING 0 16 2 4 1 0 0 703463825 2704020365 none
1 STRIDED 0 128 4 4 2 256 0 305142640 703463825 none
1
serial
K128
balanced
3
4 STRIDED 0 64 4 4 4 128 0 4281866152 24658302 full
1
serial
K128
balanced
3
7 STRIDED 0 4 4 4 1 128 0 1205165278 3841275525 full
6
2
serial
K8
balanced
2
1 STRIDED 0 128 4 4 2 256 0 253458677 3332377227 llc
8 STRIDED 0 64 1 2 2 256 0 3439851367 253458677 none
1
serial
K8
balanced
2
2 STREAMING 0 16 2 4 1 0 0 1442671489 3236265880 llc
1
serial
K1
balanced
2
6 STREAMING 0 32 2 1 1 0 0 2253040494 3341323241 recall
1
serial
K16
balanced
3
4 STRIDED 0 64 4 4 4 128 0 1654065960 1049824713 none
1
serial
K4
balanced
3
0 IRREGULAR 1 32 4 1 1 0 0 3921077373 2562225348 none
1
serial
K2
balanced
1
3 IRREGULAR 2 64 1 4 1 0 0 1726878974 655576756 none
6
1
serial
K32
preferred
3
7 STRIDED 0 4 4 4 1 128 0 932038857 1979252701 none
3
serial
K64
preferred
2
3 IRREGULAR 2 64 1 4 1 0 0 428456419 2258197002 full
8 STRIDED 0 64 1 2 2 256 0 540831073 428456419 full
1 STRIDED 0 128 4 4 2 256 0 402421468 540831073 recall
1
serial
K64
preferred
2
6 STREAMING 0 32 2 1 1 0 0 976736 3116320024 none
1
serial
K128
preferred
3
4 STRIDED 0 64 4 4 4 128 0 3187586305 3497812680 none
2
serial
K32
preferred
1
0 IRREGULAR 1 32 4 1 1 0 0 2925349260 2925674214 recall
2 STREAMING 0 16 2 4 1 0 0 1563302502 2925349260 llc
1
serial
K128
preferred
2
5 STRIDED 0 128 4 2 1 256 0 3535436219 2848792006 none
6
3
serial
K256
preferred
3
6 STREAMING 0 32 2 1 1 0 0 3149145797 1496459057 full
3 IRREGULAR 2 64 1 4 1 0 0 2719016616 3149145797 llc
1 STRIDED 0 128 4 4 2 256 0 3241665760 2719016616 llc
2
serial
K512
preferred
2
8 STRIDED 0 64 1 2 2 256 0 1398099096 1203489506 full
2 STREAMING 0 16 2 4 1 0 0 226243616 1398099096 none
1
serial
K512
preferred
1
7 STRIDED 0 4 4 4 1 128 0 2128102296 154550465 full
1
serial
K512
preferred
2
0 IRREGULAR 1 32 4 1 1 0 0 2977611849 2713519248 full
1
serial
K256
preferred
1
4 STRIDED 0 64 4 4 4 128 0 956375748 802895833 llc
1
serial
K256
preferred
3
5 STRIDED 0 128 4 2 1 256 0 3912681546 3529910263 recall
6
3
serial
M2
lutil
3
5 STRIDED 0 128 4 2 1 256 0 3290462128 3364782679 llc
2 STREAMING 0 16 2 4 1 0 0 1376718019 3290462128 full
1 STRIDED 0 128 4 4 2 256 0 1089156755 1376718019 none
1
serial
M2
lutil
1
3 IRREGULAR 2 64 1 4 1 0 0 2265691991 3096270845 full
1
serial
M1
lutil
3
4 STRIDED 0 64 4 4 4 128 0 3937211450 2030632077 llc
2
serial
M2
lutil
2
6 STREAMING 0 32 2 1 1 0 0 1442340446 1876470048 full
7 STRIDED 0 4 4 4 1 128 0 1376422740 1442340446 none
1
serial
M2
lutil
2
8 STRIDED 0 64 1 2 2 256 0 3676480402 1996353445 recall
1
serial
M2
lutil
2
0 IRREGULAR 1 32 4 1 1 0 0 3554652465 3345029750 full
6
3
serial
K128
balanced
3
0 IRREGULAR 1 32 4 1 1 0 0 2600512009 2036750084 llc
7 STRIDED 0 4 4 4 1 128 0 1644040230 2600512009 full
6 STREAMING 0 32 2 1 1 0 0 2779263392 1644040230 recall
1
serial
M1
balanced
1
3 IRREGULAR 2 64 1 4 1 0 0 1892541972 14979421 recall
2
serial
M2
balanced
2
4 STRIDED 0 64 4 4 4 128 0 2500280676 2826655204 recall
2 STREAMING 0 16 2 4 1 0 0 307585882 2500280676 none
1
serial
K2
balanced
3
1 STRIDED 0 128 4 4 2 256 0 231075400 1504375266 full
1
serial
K4
balanced
3
8 STRIDED 0 64 1 2 2 256 0 3232432092 3195571656 recall
1
serial
K16
balanced
2
5 STRIDED 0 128 4 2 1 256 0 3549402116 885530227 full
8
1
serial
K8
balanced
3
0 IRREGULAR 1 32 4 1 1 0 0 1509311317 2645951470 full
1
serial
K4
balanced
3
3 IRREGULAR 2 64 1 4 1 0 0 752410938 2897577664 none
2
serial
K16
balanced
2
8 STRIDED 0 64 1 2 2 256 0 1199378116 3563686089 full
2 STREAMING 0 16 2 4 1 0 0 2771200077 1199378116 llc
1
serial
K1
balanced
3
6 STREAMING 0 32 2 1 1 0 0 2880878424 131735898 none
1
serial
K1
balanced
1
4 STRIDED 0 64 4 4 4 128 0 1816777569 1007851890 recall
1
serial
K4
balanced
1
1 STRIDED 0 128 4 4 2 256 0 2304082797 805841756 full
1
serial
K8
balanced
3
5 STRIDED 0 128 4 2 1 256 0 4033994590 4249037162 full
1
serial
K16
balanced
3
7 STRIDED 0 4 4 4 1 128 0 1841725344 223724861 recall
8
1
serial
K64
lloaded
1
3 IRREGULAR 2 64 1 4 1 0 0 3601812831 94725792 full
1
serial
K128
lloaded
1
4 STRIDED 0 64 4 4 4 128 0 2850461007 3099736933 none
1
serial
K32
lloaded
3
8 STRIDED 0 64 1 2 2 256 0 3516786022 303415201 recall
2
serial
K32
lloaded
3
6 STREAMING 0 32 2 1 1 0 0 1900856832 3989528635 llc
5 STRIDED 0 128 4 2 1 256 0 502373410 1900856832 recall
1
serial
K64
lloaded
1
1 STRIDED 0 128 4 4 2 256 0 2814792851 4050026437 llc
1
serial
K32
lloaded
2
7 STRIDED 0 4 4 4 1 128 0 596429157 3656484963 none
1
serial
K128
lloaded
3
2 STREAMING 0 16 2 4 1 0 0 3424951507 4123264426 llc
1
serial
K32
lloaded
1
0 IRREGULAR 1 32 4 1 1 0 0 4170766077 290885215 none
8
2
serial
K512
balanced
3
4 STRIDED 0 64 4 4 4 128 0 2859003297 1177819033 full
7 STRIDED 0 4 4 4 1 128 0 3847208851 2859003297 none
1
serial
K512
balanced
3
2 STREAMING 0 16 2 4 1 0 0 2101721873 2690339829 llc
1
serial
K256
balanced
3
5 STRIDED 0 128 4 2 1 256 0 2732786279 1097601288 full
1
serial
K256
balanced
2
1 STRIDED 0 128 4 4 2 256 0 1771706 1956091675 full
1
serial
K256
balanced
3
0 IRREGULAR 1 32 4 1 1 0 0 870831648 1875827811 recall
1
serial
K256
balanced
3
3 IRREGULAR 2 64 1 4 1 0 0 3505545173 2144304320 none
1
serial
K512
balanced
3
6 STREAMING 0 32 2 1 1 0 0 4266854732 3661332303 full
1
serial
K256
balanced
2
8 STRIDED 0 64 1 2 2 256 0 1756438064 1971524236 llc
8
1
serial
M4
lloaded
2
4 STRIDED 0 64 4 4 4 128 0 1656265133 3241442334 llc
1
serial
M4
lloaded
2
0 IRREGULAR 1 32 4 1 1 0 0 2510393817 580731159 full
1
serial
M4
lloaded
2
1 STRIDED 0 128 4 4 2 256 0 2754853301 1398169268 recall
2
serial
M2
lloaded
2
8 STRIDED 0 64 1 2 2 256 0 1130607268 3792794548 recall
7 STRIDED 0 4 4 4 1 128 0 2607476186 1130607268 none
1
serial
M2
lloaded
2
6 STREAMING 0 32 2 1 1 0 0 133958236 2723958714 none
1
serial
M4
lloaded
2
5 STRIDED 0 128 4 2 1 256 0 311678696 1745603089 recall
1
serial
M1
lloaded
3
2 STREAMING 0 16 2 4 1 0 0 3235592398 2855296043 none
1
serial
M4
lloaded
3
3 IRREGULAR 2 64 1 4 1 0 0 3742753519 1981485449 llc
8
1
serial
K8
lutil
1
4 STRIDED 0 64 4 4 4 128 0 3688049591 4081545995 full
1
serial
K128
lutil
3
7 STRIDED 0 4 4 4 1 128 0 3453046398 985618218 recall
1
serial
K512
lutil
1
3 IRREGULAR 2 64 1 4 1 0 0 1933777588 3249947427 recall
1
serial
K1
lutil
1
1 STRIDED 0 128 4 4 2 256 0 4202019191 111764208 recall
2
serial
M1
lutil
3
5 STRIDED 0 128 4 2 1 256 0 3664912650 2901098925 llc
2 STREAMING 0 16 2 4 1 0 0 1462738996 3664912650 recall
1
serial
M2
lutil
3
6 STREAMING 0 32 2 1 1 0 0 2078422743 4220659995 llc
1
serial
M4
lutil
2
0 IRREGULAR 1 32 4 1 1 0 0 2264533356 2649397633 none
1
serial
K256
lutil
2
8 STRIDED 0 64 1 2 2 256 0 65189889 2657027913 full
9
1
serial
K16
lloaded
1
2 STREAMING 0 16 2 4 1 0 0 104569478 912474838 recall
1
serial
K16
lloaded
1
5 STRIDED 0 128 4 2 1 256 0 3896376458 4048677286 none
1
serial
K8
lloaded
3
7 STRIDED 0 4 4 4 1 128 0 1004522764 1451835576 recall
1
serial
K8
lloaded
1
0 IRREGULAR 1 32 4 1 1 0 0 843482624 1791661604 full
1
serial
K2
lloaded
2
1 STRIDED 0 128 4 4 2 256 0 1009787994 1324361938 recall
1
serial
K16
lloaded
3
8 STRIDED 0 64 1 2 2 256 0 2132333042 2013117074 none
1
serial
K4
lloaded
3
4 STRIDED 0 64 4 4 4 128 0 2933751165 2554509038 full
1
serial
K2
lloaded
1
6 STREAMING 0 32 2 1 1 0 0 1469692042 1936678239 full
1
serial
K16
lloaded
1
3 IRREGULAR 2 64 1 4 1 0 0 1045988150 2523013169 llc
9
1
serial
K128
lutil
2
6 STREAMING 0 32 2 1 1 0 0 4251436031 1434897937 none
1
serial
K32
lutil
3
0 IRREGULAR 1 32 4 1 1 0 0 2929186064 3771678021 full
1
serial
K32
lutil
1
4 STRIDED 0 64 4 4 4 128 0 3660899692 1929787634 recall
1
serial
K32
lutil
3
1 STRIDED 0 128 4 4 2 256 0 2382283463 552869835 recall
1
serial
K64
lutil
1
7 STRIDED 0 4 4 4 1 128 0 2902644322 2406909573 recall
1
serial
K32
lutil
3
8 STRIDED 0 64 1 2 2 256 0 2202437469 3030866635 recall
1
serial
K128
lutil
1
5 STRIDED 0 128 4 2 1 256 0 3856993439 1907920224 full
1
serial
K128
lutil
1
2 STREAMING 0 16 2 4 1 0 0 4011964334 3445647380 recall
1
serial
K128
lutil
1
3 IRREGULAR 2 64 1 4 1 0 0 4068024539 1732499382 full
9
1
serial
K256
preferred
3
4 STRIDED 0 64 4 4 4 128 0 1486663168 866499215 recall
1
serial
K512
preferred
3
5 STRIDED 0 128 4 2 1 256 0 2095189389 970291927 full
1
serial
K256
preferred
1
6 STREAMING 0 32 2 1 1 0 0 3227977 3759825253 recall
1
serial
K256
preferred
2
8 STRIDED 0 64 1 2 2 256 0 1074700924 1287180231 none
1
serial
K256
preferred
3
1 STRIDED 0 128 4 4 2 256 0 3626875910 1548514680 recall
1
serial
K256
preferred
3
7 STRIDED 0 4 4 4 1 128 0 500696138 2597033297 recall
1
serial
K256
preferred
2
2 STREAMING 0 16 2 4 1 0 0 1894348176 3555023110 recall
1
serial
K512
preferred
2
0 IRREGULAR 1 32 4 1 1 0 0 2548703405 2071064253 none
1
serial
K256
preferred
1
3 IRREGULAR 2 64 1 4 1 0 0 918890799 4139153752 none
9
1
serial
M4
lloaded
1
3 IRREGULAR 2 64 1 4 1 0 0 2897114297 3298410668 llc
1
serial
M2
lloaded
3
6 STREAMING 0 32 2 1 1 0 0 4249643033 911981041 full
1
serial
M4
lloaded
2
2 STREAMING 0 16 2 4 1 0 0 268066629 3537382963 none
1
serial
M2
lloaded
3
1 STRIDED 0 128 4 4 2 256 0 1357829271 101590511 llc
1
serial
M4
lloaded
1
4 STRIDED 0 64 4 4 4 128 0 3842153646 167809702 none
1
serial
M4
lloaded
1
8 STRIDED 0 64 1 2 2 256 0 3551188351 14848855 llc
1
serial
M1
lloaded
2
5 STRIDED 0 128 4 2 1 256 0 3531963810 2840201121 full
1
serial
M4
lloaded
1
0 IRREGULAR 1 32 4 1 1 0 0 4237814630 2925432177 full
1
serial
M4
lloaded
3
7 STRIDED 0 4 4 4 1 128 0 3532893666 214051769 recall
9
1
serial
K1
lloaded
3
3 IRREGULAR 2 64 1 4 1 0 0 117169046 418863327 none
1
serial
K8
lloaded
1
1 STRIDED 0 128 4 4 2 256 0 1219521140 1677188732 llc
1
serial
K4
lloaded
1
7 STRIDED 0 4 4 4 1 128 0 802436992 2403222420 recall
1
serial
K16
lloaded
1
4 STRIDED 0 64 4 4 4 128 0 3174526184 4196699706 full
1
serial
K2
lloaded
2
2 STREAMING 0 16 2 4 1 0 0 3275271822 4012651936 none
1
serial
K512
lloaded
3
8 STRIDED 0 64 1 2 2 256 0 3373733635 775875126 llc
1
serial
K1
lloaded
1
6 STREAMING 0 32 2 1 1 0 0 241416745 2335211062 none
1
serial
M1
lloaded
2
0 IRREGULAR 1 32 4 1 1 0 0 38286436 1949697879 llc
1
serial
K512
lloaded
1
5 STRIDED 0 128 4 2 1 256 0 647738021 1095128988 none
