35
1
4
serial
K16
lutil
2
6 STREAMING 0 32 2 1 1 0 0 2191207342 2260312787 none
5 STRIDED 0 128 4 2 1 256 0 2024218910 2191207342 none
2 STREAMING 0 16 2 4 1 0 0 3881824652 2024218910 recall
0 IRREGULAR 1 32 4 1 1 0 0 3119811664 3881824652 llc
1
4
serial
K64
lloaded
3
0 IRREGULAR 1 32 4 1 1 0 0 2898284307 3633879144 recall
7 STRIDED 0 4 4 4 1 128 0 4126051907 2898284307 none
3 IRREGULAR 2 64 1 4 1 0 0 4040901305 4126051907 full
5 STRIDED 0 128 4 2 1 256 0 643564155 4040901305 none
1
6
serial
K512
preferred
1
5 STRIDED 0 128 4 2 1 256 0 2173394847 2963370253 none
8 STRIDED 0 64 1 2 2 256 0 3920672247 2173394847 llc
2 STREAMING 0 16 2 4 1 0 0 4155505532 3920672247 llc
7 STRIDED 0 4 4 4 1 128 0 1296954863 4155505532 none
0 IRREGULAR 1 32 4 1 1 0 0 1724401624 1296954863 none
1 STRIDED 0 128 4 4 2 256 0 131916529 1724401624 recall
1
3
serial
M4
lutil
3
2 STREAMING 0 16 2 4 1 0 0 4049104290 1454550530 recall
7 STRIDED 0 4 4 4 1 128 0 2877672650 4049104290 recall
3 IRREGULAR 2 64 1 4 1 0 0 2013083377 2877672650 full
1
6
serial
M4
lutil
3
0 IRREGULAR 1 32 4 1 1 0 0 2564672271 3355811102 none
4 STRIDED 0 64 4 4 4 128 0 3171684555 2564672271 llc
1 STRIDED 0 128 4 4 2 256 0 816302682 3171684555 full
7 STRIDED 0 4 4 4 1 128 0 2030024320 816302682 llc
2 STREAMING 0 16 2 4 1 0 0 2681066070 2030024320 none
8 STRIDED 0 64 1 2 2 256 0 4162988371 2681066070 llc
2
1
serial
K1
lloaded
2
5 STRIDED 0 128 4 2 1 256 0 1577987560 3457083003 recall
1
serial
K4
lloaded
3
1 STRIDED 0 128 4 4 2 256 0 461241643 1626589520 none
2
6
serial
K32
preferred
2
7 STRIDED 0 4 4 4 1 128 0 1262409641 3892961478 llc
3 IRREGULAR 2 64 1 4 1 0 0 991343098 1262409641 recall
5 STRIDED 0 128 4 2 1 256 0 1532352348 991343098 full
1 STRIDED 0 128 4 4 2 256 0 1225370438 1532352348 llc
4 STRIDED 0 64 4 4 4 128 0 406060271 1225370438 llc
0 IRREGULAR 1 32 4 1 1 0 0 3172404368 406060271 full
2
serial
K64
preferred
3
8 STRIDED 0 64 1 2 2 256 0 1025438189 1220474353 none
2 STREAMING 0 16 2 4 1 0 0 1429514678 1025438189 none
2
3
serial
K256
preferred
2
6 STREAMING 0 32 2 1 1 0 0 430399496 1493976224 full
2 STREAMING 0 16 2 4 1 0 0 2870342228 430399496 full
4 STRIDED 0 64 4 4 4 128 0 4053075724 2870342228 none
4
serial
K256
preferred
1
7 STRIDED 0 4 4 4 1 128 0 3706987242 3125799575 none
3 IRREGULAR 2 64 1 4 1 0 0 1701718969 3706987242 recall
1 STRIDED 0 128 4 4 2 256 0 3981721538 1701718969 full
5 STRIDED 0 128 4 2 1 256 0 2307667656 3981721538 full
2
2
serial
M1
preferred
1
4 STRIDED 0 64 4 4 4 128 0 2833466588 3279072555 none
6 STREAMING 0 32 2 1 1 0 0 2272028653 2833466588 llc
2
serial
M1
preferred
2
5 STRIDED 0 128 4 2 1 256 0 1792947945 893395014 llc
8 STRIDED 0 64 1 2 2 256 0 3298568183 1792947945 llc
2
1
serial
K8
lutil
2
6 STREAMING 0 32 2 1 1 0 0 2926650707 3112992949 llc
2
serial
K4
lutil
1
2 STREAMING 0 16 2 4 1 0 0 954053268 958348150 full
8 STRIDED 0 64 1 2 2 256 0 2620144010 954053268 full
3
2
serial
K2
lutil
3
7 STRIDED 0 4 4 4 1 128 0 3978171164 2367117435 recall
6 STREAMING 0 32 2 1 1 0 0 3112895588 3978171164 llc
1
serial
K1
lutil
2
2 STREAMING 0 16 2 4 1 0 0 2935970853 316401195 recall
1
serial
K8
lutil
1
3 IRREGULAR 2 64 1 4 1 0 0 1713852385 2380731341 full
3
1
serial
K64
lutil
2
8 STRIDED 0 64 1 2 2 256 0 4190175919 286580981 none
4
serial
K64
lutil
2
2 STREAMING 0 16 2 4 1 0 0 1278521459 148872319 recall
3 IRREGULAR 2 64 1 4 1 0 0 3568221614 1278521459 full
1 STRIDED 0 128 4 4 2 256 0 2813487375 3568221614 none
4 STRIDED 0 64 4 4 4 128 0 1801262402 2813487375 full
2
serial
K32
lutil
3
0 IRREGULAR 1 32 4 1 1 0 0 2144753115 3070109969 recall
5 STRIDED 0 128 4 2 1 256 0 3615661830 2144753115 llc
3
6
serial
K512
balanced
2
1 STRIDED 0 128 4 4 2 256 0 3805287379 3908821601 recall
8 STRIDED 0 64 1 2 2 256 0 327830539 3805287379 none
0 IRREGULAR 1 32 4 1 1 0 0 37244146 327830539 full
2 STREAMING 0 16 2 4 1 0 0 733936130 37244146 full
3 IRREGULAR 2 64 1 4 1 0 0 3500436390 733936130 full
7 STRIDED 0 4 4 4 1 128 0 3366228267 3500436390 none
1
serial
K512
balanced
1
5 STRIDED 0 128 4 2 1 256 0 1741409540 2650417297 none
2
serial
K512
balanced
1
4 STRIDED 0 64 4 4 4 128 0 3013406855 251570374 full
6 STREAMING 0 32 2 1 1 0 0 4024309886 3013406855 recall
3
6
serial
M1
lloaded
3
8 STRIDED 0 64 1 2 2 256 0 2562846954 170084084 full
5 STRIDED 0 128 4 2 1 256 0 992665615 2562846954 full
7 STRIDED 0 4 4 4 1 128 0 1406955103 992665615 recall
0 IRREGULAR 1 32 4 1 1 0 0 2094329192 1406955103 recall
3 IRREGULAR 2 64 1 4 1 0 0 1549241133 2094329192 full
2 STREAMING 0 16 2 4 1 0 0 2692151515 1549241133 llc
2
serial
M2
lloaded
2
6 STREAMING 0 32 2 1 1 0 0 1980996053 3935281935 recall
1 STRIDED 0 128 4 4 2 256 0 2798667253 1980996053 recall
1
serial
M4
lloaded
2
4 STRIDED 0 64 4 4 4 128 0 2806472084 2862083815 recall
3
1
serial
K8
lloaded
2
7 STRIDED 0 4 4 4 1 128 0 4234746419 521063337 full
1
serial
K2
lloaded
2
3 IRREGULAR 2 64 1 4 1 0 0 2244139963 308877977 recall
3
serial
K512
lloaded
3
1 STRIDED 0 128 4 4 2 256 0 3311127411 2553671069 none
8 STRIDED 0 64 1 2 2 256 0 924950376 3311127411 full
0 IRREGULAR 1 32 4 1 1 0 0 1289665562 924950376 recall
4
1
serial
K4
lutil
3
3 IRREGULAR 2 64 1 4 1 0 0 2906561416 933996499 recall
4
serial
K16
lutil
1
1 STRIDED 0 128 4 4 2 256 0 972500775 1268625425 recall
2 STREAMING 0 16 2 4 1 0 0 1279283905 972500775 full
0 IRREGULAR 1 32 4 1 1 0 0 2465827932 1279283905 llc
6 STREAMING 0 32 2 1 1 0 0 3233673603 2465827932 full
2
serial
K8
lutil
3
5 STRIDED 0 128 4 2 1 256 0 4103368809 2232257672 none
7 STRIDED 0 4 4 4 1 128 0 2677039538 4103368809 full
1
serial
K8
lutil
3
4 STRIDED 0 64 4 4 4 128 0 2153216005 3687708597 llc
4
5
serial
K32
lutil
1
8 STRIDED 0 64 1 2 2 256 0 2382404352 1516632139 llc
5 STRIDED 0 128 4 2 1 256 0 4205129495 2382404352 full
2 STREAMING 0 16 2 4 1 0 0 1798465919 4205129495 llc
4 STRIDED 0 64 4 4 4 128 0 154863559 1798465919 llc
1 STRIDED 0 128 4 4 2 256 0 901336841 154863559 llc
1
serial
K64
lutil
2
7 STRIDED 0 4 4 4 1 128 0 1498223843 1575694657 full
2
serial
K32
lutil
1
0 IRREGULAR 1 32 4 1 1 0 0 3406397077 277687410 full
3 IRREGULAR 2 64 1 4 1 0 0 1080209866 3406397077 recall
1
serial
K128
lutil
1
6 STREAMING 0 32 2 1 1 0 0 1995661072 838093469 recall
4
5
serial
K512
balanced
1
8 STRIDED 0 64 1 2 2 256 0 3624189690 3027094596 llc
5 STRIDED 0 128 4 2 1 256 0 4223438846 3624189690 full
0 IRREGULAR 1 32 4 1 1 0 0 3995042034 4223438846 full
4 STRIDED 0 64 4 4 4 128 0 1274482641 3995042034 llc
1 STRIDED 0 128 4 4 2 256 0 2127770006 1274482641 llc
2
serial
K512
balanced
1
7 STRIDED 0 4 4 4 1 128 0 2156696419 1319037470 none
3 IRREGULAR 2 64 1 4 1 0 0 2011388363 2156696419 recall
1
serial
K512
balanced
3
2 STREAMING 0 16 2 4 1 0 0 346553318 2362060747 recall
1
serial
K512
balanced
2
6 STREAMING 0 32 2 1 1 0 0 1533253371 1528329774 recall
4
1
serial
M2
lutil
1
3 IRREGULAR 2 64 1 4 1 0 0 2804308012 2356213618 none
4
serial
M1
lutil
1
2 STREAMING 0 16 2 4 1 0 0 1390636789 3192005984 llc
6 STREAMING 0 32 2 1 1 0 0 2451691977 1390636789 full
8 STRIDED 0 64 1 2 2 256 0 3142808147 2451691977 none
7 STRIDED 0 4 4 4 1 128 0 3612470024 3142808147 recall
3
serial
M4
lutil
1
5 STRIDED 0 128 4 2 1 256 0 2048368821 951767009 llc
4 STRIDED 0 64 4 4 4 128 0 1899381175 2048368821 llc
1 STRIDED 0 128 4 4 2 256 0 1327212570 1899381175 full
1
serial
M1
lutil
1
0 IRREGULAR 1 32 4 1 1 0 0 625225384 982633831 full
4
4
serial
K128
lutil
1
5 STRIDED 0 128 4 2 1 256 0 2214154513 23528563 recall
8 STRIDED 0 64 1 2 2 256 0 974801522 2214154513 none
2 STREAMING 0 16 2 4 1 0 0 1019549165 974801522 full
1 STRIDED 0 128 4 4 2 256 0 2128408461 1019549165 none
2
serial
K512
lutil
1
6 STREAMING 0 32 2 1 1 0 0 2262471077 130155603 full
3 IRREGULAR 2 64 1 4 1 0 0 4118211174 2262471077 full
2
serial
M2
lutil
2
4 STRIDED 0 64 4 4 4 128 0 3139910122 1045772770 llc
0 IRREGULAR 1 32 4 1 1 0 0 2446004892 3139910122 full
1
serial
K1
lutil
3
7 STRIDED 0 4 4 4 1 128 0 2708286942 2839242084 recall
6
1
serial
K2
lutil
3
4 STRIDED 0 64 4 4 4 128 0 705214046 257695893 recall
1
serial
K4
lutil
3
6 STREAMING 0 32 2 1 1 0 0 2418351933 1923280536 none
3
serial
K8
lutil
1
0 IRREGULAR 1 32 4 1 1 0 0 4156448 2972696529 full
3 IRREGULAR 2 64 1 4 1 0 0 3260379125 4156448 none
1 STRIDED 0 128 4 4 2 256 0 2399673119 3260379125 full
1
serial
K4
lutil
2
2 STREAMING 0 16 2 4 1 0 0 2317550448 522707788 llc
1
serial
K2
lutil
3
8 STRIDED 0 64 1 2 2 256 0 3368583061 4039057616 recall
2
serial
K4
lutil
2
7 STRIDED 0 4 4 4 1 128 0 3403979497 2392507786 llc
5 STRIDED 0 128 4 2 1 256 0 855081758 3403979497 llc
6
4
serial
K32
lutil
2
1 STRIDED 0 128 4 4 2 256 0 2838379992 937382970 recall
5 STRIDED 0 128 4 2 1 256 0 2635609958 2838379992 recall
4 STRIDED 0 64 4 4 4 128 0 3254951427 2635609958 full
0 IRREGULAR 1 32 4 1 1 0 0 1552264249 3254951427 full
1
serial
K128
lutil
3
2 STREAMING 0 16 2 4 1 0 0 18841718 3630211764 none
1
serial
K64
lutil
1
3 IRREGULAR 2 64 1 4 1 0 0 602131998 4084398347 llc
1
serial
K64
lutil
1
8 STRIDED 0 64 1 2 2 256 0 256737071 635092450 llc
1
serial
K128
lutil
1
7 STRIDED 0 4 4 4 1 128 0 4073683136 3881964499 full
1
serial
K32
lutil
3
6 STREAMING 0 32 2 1 1 0 0 3271719699 774111918 none
6
4
serial
K256
balanced
1
5 STRIDED 0 128 4 2 1 256 0 4042735907 995235382 llc
4 STRIDED 0 64 4 4 4 128 0 157303922 4042735907 llc
6 STREAMING 0 32 2 1 1 0 0 3064128601 157303922 full
8 STRIDED 0 64 1 2 2 256 0 3101106362 3064128601 recall
1
serial
K256
balanced
3
0 IRREGULAR 1 32 4 1 1 0 0 299094543 2182040316 recall
1
serial
K256
balanced
3
1 STRIDED 0 128 4 4 2 256 0 118120701 1007935360 full
1
serial
K256
balanced
3
7 STRIDED 0 4 4 4 1 128 0 3924054219 2436474203 llc
1
serial
K512
balanced
2
3 IRREGULAR 2 64 1 4 1 0 0 2437673148 2967731893 llc
1
serial
K512
balanced
3
2 STREAMING 0 16 2 4 1 0 0 3015439196 3676542957 recall
6
1
serial
M4
preferred
3
3 IRREGULAR 2 64 1 4 1 0 0 694052662 2626465183 llc
3
serial
M2
preferred
2
0 IRREGULAR 1 32 4 1 1 0 0 3204552989 688083592 none
2 STREAMING 0 16 2 4 1 0 0 334383037 3204552989 full
6 STREAMING 0 32 2 1 1 0 0 1070564516 334383037 full
1
serial
M1
preferred
1
4 STRIDED 0 64 4 4 4 128 0 2686473249 3847927455 none
2
serial
M1
preferred
1
7 STRIDED 0 4 4 4 1 128 0 2652920389 1224139569 llc
8 STRIDED 0 64 1 2 2 256 0 2164666490 2652920389 llc
1
serial
M1
preferred
1
1 STRIDED 0 128 4 4 2 256 0 1172614451 1576978589 full
1
serial
M4
preferred
1
5 STRIDED 0 128 4 2 1 256 0 2419001091 2714506295 llc
6
2
serial
K64
lutil
2
0 IRREGULAR 1 32 4 1 1 0 0 1560813455 1086484775 recall
1 STRIDED 0 128 4 4 2 256 0 1048022724 1560813455 none
2
serial
K64
lutil
3
3 IRREGULAR 2 64 1 4 1 0 0 2561345520 2694501182 recall
5 STRIDED 0 128 4 2 1 256 0 2258031389 2561345520 llc
2
serial
K128
lutil
3
4 STRIDED 0 64 4 4 4 128 0 3672952463 3937094565 none
6 STREAMING 0 32 2 1 1 0 0 1101577978 3672952463 full
1
serial
K256
lutil
3
2 STREAMING 0 16 2 4 1 0 0 269012954 2674759753 none
1
serial
M4
lutil
3
7 STRIDED 0 4 4 4 1 128 0 1262031831 785090777 llc
1
serial
K128
lutil
1
8 STRIDED 0 64 1 2 2 256 0 517838408 1436622797 none
8
1
serial
K16
lutil
3
0 IRREGULAR 1 32 4 1 1 0 0 3186055842 939438413 recall
1
serial
K16
lutil
3
5 STRIDED 0 128 4 2 1 256 0 880613035 3648181996 none
2
serial
K2
lutil
3
7 STRIDED 0 4 4 4 1 128 0 1201117513 2576362383 recall
6 STREAMING 0 32 2 1 1 0 0 2967275236 1201117513 none
1
serial
K16
lutil
3
3 IRREGULAR 2 64 1 4 1 0 0 2811271016 2766676027 llc
1
serial
K2
lutil
2
1 STRIDED 0 128 4 4 2 256 0 2446465799 2204871574 recall
1
serial
K1
lutil
1
2 STREAMING 0 16 2 4 1 0 0 399800668 1701674961 full
1
serial
K1
lutil
1
4 STRIDED 0 64 4 4 4 128 0 1876309399 2616039898 recall
1
serial
K4
lutil
1
8 STRIDED 0 64 1 2 2 256 0 569830371 808902544 full
8
1
serial
K64
balanced
2
1 STRIDED 0 128 4 4 2 256 0 3440774087 1602088197 full
2
serial
K64
balanced
1
4 STRIDED 0 64 4 4 4 128 0 1093079316 362281764 full
5 STRIDED 0 128 4 2 1 256 0 4146132853 1093079316 llc
1
serial
K64
balanced
1
3 IRREGULAR 2 64 1 4 1 0 0 1277480992 701335388 recall
1
serial
K128
balanced
1
0 IRREGULAR 1 32 4 1 1 0 0 1880670942 3901886205 llc
1
serial
K64
balanced
2
2 STREAMING 0 16 2 4 1 0 0 4285626482 2763051153 llc
1
serial
K64
balanced
3
8 STRIDED 0 64 1 2 2 256 0 1135624919 3331660392 llc
1
serial
K128
balanced
3
7 STRIDED 0 4 4 4 1 128 0 3587022138 2495140232 recall
1
serial
K32
balanced
2
6 STREAMING 0 32 2 1 1 0 0 1664464452 1162564198 llc
8
2
serial
K256
lloaded
3
3 IRREGULAR 2 64 1 4 1 0 0 4151947266 969124952 recall
6 STREAMING 0 32 2 1 1 0 0 670434118 4151947266 llc
1
serial
K512
lloaded
2
5 STRIDED 0 128 4 2 1 256 0 2128376155 2454798456 full
1
serial
K512
lloaded
3
4 STRIDED 0 64 4 4 4 128 0 891801108 92890296 llc
1
serial
K512
lloaded
2
1 STRIDED 0 128 4 4 2 256 0 3512405477 11999385 recall
1
serial
K256
lloaded
2
0 IRREGULAR 1 32 4 1 1 0 0 3077667371 2694844351 none
1
serial
K512
lloaded
3
7 STRIDED 0 4 4 4 1 128 0 2463609905 1645405893 llc
1
serial
K256
lloaded
3
2 STREAMING 0 16 2 4 1 0 0 3388446499 933074659 recall
1
serial
K256
lloaded
3
8 STRIDED 0 64 1 2 2 256 0 2962787385 3825014282 none
8
1
serial
M1
balanced
2
7 STRIDED 0 4 4 4 1 128 0 69947599 2321394596 llc
2
serial
M4
balanced
1
5 STRIDED 0 128 4 2 1 256 0 2740901942 4156824813 full
1 STRIDED 0 128 4 4 2 256 0 3210448905 2740901942 none
1
serial
M2
balanced
2
0 IRREGULAR 1 32 4 1 1 0 0 565214108 2403597043 full
1
serial
M2
balanced
3
4 STRIDED 0 64 4 4 4 128 0 2924904689 2058457177 llc
1
serial
M4
balanced
2
8 STRIDED 0 64 1 2 2 256 0 1261307517 464114216 none
1
serial
M2
balanced
1
6 STREAMING 0 32 2 1 1 0 0 2357500845 1844011463 full
1
serial
M2
balanced
2
2 STREAMING 0 16 2 4 1 0 0 2941829554 4209298773 full
1
serial
M4
balanced
2
3 IRREGULAR 2 64 1 4 1 0 0 2977645864 1216825931 none
8
1
serial
M1
lloaded
3
6 STREAMING 0 32 2 1 1 0 0 734060555 3529259567 llc
1
serial
K256
lloaded
3
0 IRREGULAR 1 32 4 1 1 0 0 1891401615 258958887 full
2
serial
K8
lloaded
1
2 STREAMING 0 16 2 4 1 0 0 3801373436 2612096999 recall
5 STRIDED 0 128 4 2 1 256 0 1966219394 3801373436 none
1
serial
K32
lloaded
3
7 STRIDED 0 4 4 4 1 128 0 3640279765 3930438403 none
1
serial
K8
lloaded
1
1 STRIDED 0 128 4 4 2 256 0 1973573660 1420960256 llc
1
serial
K256
lloaded
3
4 STRIDED 0 64 4 4 4 128 0 4041754379 3986210520 recall
1
serial
K16
lloaded
2
3 IRREGULAR 2 64 1 4 1 0 0 2250268244 3918246825 none
1
serial
M2
lloaded
3
8 STRIDED 0 64 1 2 2 256 0 3676973204 814476124 full
9
1
serial
K16
lutil
1
7 STRIDED 0 4 4 4 1 128 0 2854686606 3126744819 recall
1
serial
K8
lutil
1
0 IRREGULAR 1 32 4 1 1 0 0 1436755735 115471917 recall
1
serial
K8
lutil
3
3 IRREGULAR 2 64 1 4 1 0 0 3229058456 1582734958 recall
1
serial
K1
lutil
1
4 STRIDED 0 64 4 4 4 128 0 1374390624 1326182057 full
1
serial
K2
lutil
1
6 STREAMING 0 32 2 1 1 0 0 1667795694 58217372 none
1
serial
K8
lutil
1
8 STRIDED 0 64 1 2 2 256 0 1760481703 890899017 none
1
serial
K2
lutil
3
1 STRIDED 0 128 4 4 2 256 0 4250683550 3084013520 recall
1
serial
K1
lutil
2
5 STRIDED 0 128 4 2 1 256 0 2133614821 2722055030 none
1
serial
K1
lutil
3
2 STREAMING 0 16 2 4 1 0 0 4127687538 1272876565 recall
9
1
serial
K32
preferred
1
2 STREAMING 0 16 2 4 1 0 0 1153753484 166983433 recall
1
serial
K32
preferred
3
8 STRIDED 0 64 1 2 2 256 0 5590740 455296891 full
1
serial
K32
preferred
2
0 IRREGULAR 1 32 4 1 1 0 0 1120023247 3316619788 llc
1
serial
K32
preferred
2
3 IRREGULAR 2 64 1 4 1 0 0 3101589120 3370196591 recall
1
serial
K128
preferred
2
4 STRIDED 0 64 4 4 4 128 0 3956217495 2184303836 recall
1
serial
K32
preferred
3
6 STREAMING 0 32 2 1 1 0 0 873268867 2299612147 llc
1
serial
K32
preferred
1
5 STRIDED 0 128 4 2 1 256 0 1982106464 3332359694 full
1
serial
K128
preferred
2
7 STRIDED 0 4 4 4 1 128 0 675953797 2487200176 none
1
serial
K64
preferred
1
1 STRIDED 0 128 4 4 2 256 0 2719671161 2742100694 none
9
1
serial
K512
lloaded
1
8 STRIDED 0 64 1 2 2 256 0 429319980 2732578706 recall
1
serial
K256
lloaded
3
0 IRREGULAR 1 32 4 1 1 0 0 1174873201 3643270273 none
1
serial
K256
lloaded
3
1 STRIDED 0 128 4 4 2 256 0 3682030511 453105520 none
1
serial
K256
lloaded
1
7 STRIDED 0 4 4 4 1 128 0 1110230636 2070023675 recall
1
serial
K512
lloaded
1
5 STRIDED 0 128 4 2 1 256 0 1375820535 267324065 none
1
serial
K256
lloaded
3
6 STREAMING 0 32 2 1 1 0 0 1011630038 4096850826 none
1
serial
K256
lloaded
2
3 IRREGULAR 2 64 1 4 1 0 0 3303140530 4204202653 llc
1
serial
K512
lloaded
3
2 STREAMING 0 16 2 4 1 0 0 2606916896 4095177032 none
1
serial
K256
lloaded
2
4 STRIDED 0 64 4 4 4 128 0 2693748290 2158144700 recall
9
1
serial
M2
balanced
3
3 IRREGULAR 2 64 1 4 1 0 0 1796439977 549018662 none
1
serial
M2
balanced
1
5 STRIDED 0 128 4 2 1 256 0 1177039730 4267403016 llc
1
serial
M2
balanced
3
7 STRIDED 0 4 4 4 1 128 0 3804853179 1038317801 recall
1
serial
M4
balanced
2
1 STRIDED 0 128 4 4 2 256 0 2268522174 1169437927 recall
1
serial
M4
balanced
1
4 STRIDED 0 64 4 4 4 128 0 961845396 3163408183 recall
1
serial
M2
balanced
3
0 IRREGULAR 1 32 4 1 1 0 0 3866507704 1193172224 recall
1
serial
M4
balanced
3
2 STREAMING 0 16 2 4 1 0 0 3564428246 2885835502 llc
1
serial
M4
balanced
3
6 STREAMING 0 32 2 1 1 0 0 3205444398 3862820204 llc
1
serial
M1
balanced
3
8 STRIDED 0 64 1 2 2 256 0 955567326 3611987885 recall
9
1
serial
M2
balanced
2
5 STRIDED 0 128 4 2 1 256 0 841211157 3080605485 llc
1
serial
K16
balanced
3
0 IRREGULAR 1 32 4 1 1 0 0 1032723006 3592143245 llc
1
serial
M2
balanced
3
1 STRIDED 0 128 4 4 2 256 0 740364306 2104621193 recall
1
serial
K8
balanced
3
4 STRIDED 0 64 4 4 4 128 0 3024772638 782147418 full
1
serial
K256
balanced
2
3 IRREGULAR 2 64 1 4 1 0 0 3350597750 334920646 none
1
serial
M2
balanced
1
2 STREAMING 0 16 2 4 1 0 0 1225028581 3787131567 none
1
serial
K32
balanced
2
7 STRIDED 0 4 4 4 1 128 0 310459240 2337045435 recall
1
serial
M1
balanced
2
8 STRIDED 0 64 1 2 2 256 0 3868823212 181487702 full
1
serial
K512
balanced
3
6 STREAMING 0 32 2 1 1 0 0 47283817 429896786 full
