35
1
2
serial
K2
lutil
3
2 STRIDED 0 8 4 2 1 32 0 979506431 4222301731 full
1 STREAMING 0 8 4 4 1 0 0 3429152868 979506431 recall
1
1
serial
K128
preferred
2
5 IRREGULAR 4 16 4 2 1 0 0 3060062993 3143553415 llc
1
2
serial
K256
balanced
3
7 STRIDED 0 16 1 4 4 256 0 3024462326 304737943 recall
3 STREAMING 0 16 4 1 1 0 0 3144741577 3024462326 llc
1
1
serial
M2
balanced
3
0 IRREGULAR 3 32 1 4 4 0 0 3015215015 1236521215 none
1
1
serial
K32
lutil
3
5 IRREGULAR 4 16 4 2 1 0 0 2955342780 254202143 full
2
1
serial
K4
lloaded
2
5 IRREGULAR 4 16 4 2 1 0 0 3648376077 3162198756 full
5
serial
K8
lloaded
3
1 STREAMING 0 8 4 4 1 0 0 3889034426 3673639494 full
8 STRIDED 0 16 2 2 2 128 0 2719712245 3889034426 recall
6 STREAMING 0 16 1 4 1 0 0 2123824002 2719712245 recall
3 STREAMING 0 16 4 1 1 0 0 3039792506 2123824002 none
4 IRREGULAR 3 32 2 1 4 0 0 4089526825 3039792506 none
2
1
serial
K32
balanced
2
0 IRREGULAR 3 32 1 4 4 0 0 260629126 767886066 llc
4
serial
K64
balanced
2
1 STREAMING 0 8 4 4 1 0 0 221997823 2925381865 recall
2 STRIDED 0 8 4 2 1 32 0 47683356 221997823 none
7 STRIDED 0 16 1 4 4 256 0 3685059536 47683356 none
3 STREAMING 0 16 4 1 1 0 0 1398710991 3685059536 full
2
4
serial
K256
lloaded
3
6 STREAMING 0 16 1 4 1 0 0 3780839345 4198757474 llc
5 IRREGULAR 4 16 4 2 1 0 0 604375480 3780839345 none
2 STRIDED 0 8 4 2 1 32 0 2547487475 604375480 none
8 STRIDED 0 16 2 2 2 128 0 2205702050 2547487475 full
2
serial
K256
lloaded
2
0 IRREGULAR 3 32 1 4 4 0 0 2989707968 3885732188 llc
7 STRIDED 0 16 1 4 4 256 0 3988354487 2989707968 recall
2
2
serial
M2
preferred
1
5 IRREGULAR 4 16 4 2 1 0 0 3634570698 1149567577 full
4 IRREGULAR 3 32 2 1 4 0 0 2231385146 3634570698 recall
3
serial
M4
preferred
2
6 STREAMING 0 16 1 4 1 0 0 1667408289 2424501305 recall
0 IRREGULAR 3 32 1 4 4 0 0 2456326443 1667408289 llc
1 STREAMING 0 8 4 4 1 0 0 3246989974 2456326443 full
2
3
serial
M1
lutil
1
3 STREAMING 0 16 4 1 1 0 0 1762270558 3765478347 recall
5 IRREGULAR 4 16 4 2 1 0 0 932436580 1762270558 none
1 STREAMING 0 8 4 4 1 0 0 3212883858 932436580 llc
2
serial
K512
lutil
3
4 IRREGULAR 3 32 2 1 4 0 0 593914246 4186639502 full
0 IRREGULAR 3 32 1 4 4 0 0 2832806333 593914246 full
3
1
serial
K16
lloaded
3
4 IRREGULAR 3 32 2 1 4 0 0 4243402020 3863290056 none
1
serial
K1
lloaded
3
5 IRREGULAR 4 16 4 2 1 0 0 2773973212 4231788372 llc
6
serial
K16
lloaded
1
1 STREAMING 0 8 4 4 1 0 0 3197397865 2171883115 recall
3 STREAMING 0 16 4 1 1 0 0 108989120 3197397865 none
8 STRIDED 0 16 2 2 2 128 0 426869285 108989120 recall
2 STRIDED 0 8 4 2 1 32 0 1260865015 426869285 none
6 STREAMING 0 16 1 4 1 0 0 2145481134 1260865015 recall
7 STRIDED 0 16 1 4 4 256 0 3231548882 2145481134 recall
3
2
serial
K32
preferred
2
7 STRIDED 0 16 1 4 4 256 0 1346634870 1431159393 recall
5 IRREGULAR 4 16 4 2 1 0 0 72310556 1346634870 none
5
serial
K128
preferred
3
3 STREAMING 0 16 4 1 1 0 0 137736204 250735063 none
1 STREAMING 0 8 4 4 1 0 0 2492706922 137736204 full
2 STRIDED 0 8 4 2 1 32 0 1003792856 2492706922 none
0 IRREGULAR 3 32 1 4 4 0 0 1033009435 1003792856 full
8 STRIDED 0 16 2 2 2 128 0 1375749475 1033009435 full
1
serial
K64
preferred
2
6 STREAMING 0 16 1 4 1 0 0 965625101 2507423934 none
3
4
serial
K256
lutil
1
1 STREAMING 0 8 4 4 1 0 0 1450576967 2525453422 recall
2 STRIDED 0 8 4 2 1 32 0 200377120 1450576967 none
3 STREAMING 0 16 4 1 1 0 0 2517844670 200377120 full
8 STRIDED 0 16 2 2 2 128 0 878253032 2517844670 none
2
serial
K256
lutil
2
5 IRREGULAR 4 16 4 2 1 0 0 1782002132 243242197 llc
7 STRIDED 0 16 1 4 4 256 0 1912515533 1782002132 full
1
serial
K512
lutil
2
6 STREAMING 0 16 1 4 1 0 0 4080316309 950410704 none
3
4
serial
M1
lloaded
3
2 STRIDED 0 8 4 2 1 32 0 1772503646 2748202908 llc
6 STREAMING 0 16 1 4 1 0 0 2232913760 1772503646 llc
0 IRREGULAR 3 32 1 4 4 0 0 2980788112 2232913760 full
3 STREAMING 0 16 4 1 1 0 0 1297074512 2980788112 none
4
serial
M4
lloaded
2
8 STRIDED 0 16 2 2 2 128 0 2574942446 3469765666 recall
4 IRREGULAR 3 32 2 1 4 0 0 3064553532 2574942446 full
7 STRIDED 0 16 1 4 4 256 0 2501242244 3064553532 full
1 STREAMING 0 8 4 4 1 0 0 1672398549 2501242244 none
1
serial
M1
lloaded
1
5 IRREGULAR 4 16 4 2 1 0 0 4015540292 2107383567 recall
3
4
serial
M2
lutil
2
1 STREAMING 0 8 4 4 1 0 0 2441779411 922847781 none
7 STRIDED 0 16 1 4 4 256 0 1224181685 2441779411 recall
4 IRREGULAR 3 32 2 1 4 0 0 2775296687 1224181685 full
6 STREAMING 0 16 1 4 1 0 0 2022145515 2775296687 none
1
serial
K4
lutil
2
5 IRREGULAR 4 16 4 2 1 0 0 3134420761 1089357520 recall
1
serial
K512
lutil
3
0 IRREGULAR 3 32 1 4 4 0 0 4005948869 2578329867 llc
4
1
serial
K2
balanced
1
2 STRIDED 0 8 4 2 1 32 0 1404019061 987934468 full
1
serial
K1
balanced
2
8 STRIDED 0 16 2 2 2 128 0 2618002835 2111203604 recall
2
serial
K8
balanced
3
6 STREAMING 0 16 1 4 1 0 0 1879846366 2641164583 recall
4 IRREGULAR 3 32 2 1 4 0 0 4034024063 1879846366 full
2
serial
K8
balanced
2
3 STREAMING 0 16 4 1 1 0 0 1360573989 242554024 recall
0 IRREGULAR 3 32 1 4 4 0 0 3448231640 1360573989 recall
4
2
serial
K32
preferred
1
0 IRREGULAR 3 32 1 4 4 0 0 3980390245 2522848903 llc
2 STRIDED 0 8 4 2 1 32 0 2719500336 3980390245 none
1
serial
K32
preferred
3
8 STRIDED 0 16 2 2 2 128 0 998505909 359787185 recall
2
serial
K32
preferred
3
5 IRREGULAR 4 16 4 2 1 0 0 3959695879 313786472 recall
3 STREAMING 0 16 4 1 1 0 0 3466717812 3959695879 full
1
serial
K128
preferred
3
7 STRIDED 0 16 1 4 4 256 0 1945864076 3465319978 full
4
3
serial
K256
lloaded
2
5 IRREGULAR 4 16 4 2 1 0 0 1517670601 1009394675 none
3 STREAMING 0 16 4 1 1 0 0 4041082800 1517670601 none
7 STRIDED 0 16 1 4 4 256 0 1996977978 4041082800 none
2
serial
K256
lloaded
3
2 STRIDED 0 8 4 2 1 32 0 403998306 143531226 none
6 STREAMING 0 16 1 4 1 0 0 3326514720 403998306 recall
3
serial
K256
lloaded
2
1 STREAMING 0 8 4 4 1 0 0 1251341262 3311424438 full
4 IRREGULAR 3 32 2 1 4 0 0 2605577816 1251341262 full
0 IRREGULAR 3 32 1 4 4 0 0 2618168083 2605577816 none
1
serial
K256
lloaded
3
8 STRIDED 0 16 2 2 2 128 0 2307441398 2193131680 llc
4
5
serial
M2
balanced
3
8 STRIDED 0 16 2 2 2 128 0 2651013509 3555587839 none
2 STRIDED 0 8 4 2 1 32 0 1716802980 2651013509 recall
1 STREAMING 0 8 4 4 1 0 0 262552812 1716802980 recall
0 IRREGULAR 3 32 1 4 4 0 0 3508295028 262552812 llc
6 STREAMING 0 16 1 4 1 0 0 1029123455 3508295028 llc
1
serial
M4
balanced
2
5 IRREGULAR 4 16 4 2 1 0 0 3212925824 259311032 full
2
serial
M1
balanced
3
7 STRIDED 0 16 1 4 4 256 0 1500814508 1543656935 recall
3 STREAMING 0 16 4 1 1 0 0 380038463 1500814508 llc
1
serial
M1
balanced
1
4 IRREGULAR 3 32 2 1 4 0 0 1445079917 3091438221 recall
4
3
serial
M2
lutil
2
6 STREAMING 0 16 1 4 1 0 0 1593837226 2693420913 llc
5 IRREGULAR 4 16 4 2 1 0 0 4243981330 1593837226 full
7 STRIDED 0 16 1 4 4 256 0 4131729590 4243981330 none
1
serial
K8
lutil
2
1 STREAMING 0 8 4 4 1 0 0 3283084853 3256851518 llc
1
serial
M4
lutil
3
0 IRREGULAR 3 32 1 4 4 0 0 97473182 675916749 full
1
serial
K32
lutil
3
3 STREAMING 0 16 4 1 1 0 0 2761597091 2617246005 full
6
1
serial
K2
preferred
1
6 STREAMING 0 16 1 4 1 0 0 604569044 3854588368 llc
1
serial
K2
preferred
3
4 IRREGULAR 3 32 2 1 4 0 0 166250807 1059231297 none
1
serial
K16
preferred
1
7 STRIDED 0 16 1 4 4 256 0 3962601056 2835523865 llc
1
serial
K1
preferred
3
3 STREAMING 0 16 4 1 1 0 0 2000494692 3137677711 recall
1
serial
K8
preferred
1
0 IRREGULAR 3 32 1 4 4 0 0 3294784646 1653125094 llc
1
serial
K16
preferred
3
5 IRREGULAR 4 16 4 2 1 0 0 1401774042 834257675 none
6
3
serial
K64
preferred
3
3 STREAMING 0 16 4 1 1 0 0 2941198859 3473707710 full
0 IRREGULAR 3 32 1 4 4 0 0 25650013 2941198859 recall
1 STREAMING 0 8 4 4 1 0 0 1015708444 25650013 llc
2
serial
K128
preferred
1
5 IRREGULAR 4 16 4 2 1 0 0 3381549350 566724571 llc
7 STRIDED 0 16 1 4 4 256 0 859669176 3381549350 recall
1
serial
K32
preferred
1
2 STRIDED 0 8 4 2 1 32 0 2296234352 328100430 recall
1
serial
K32
preferred
1
6 STREAMING 0 16 1 4 1 0 0 4159780687 617185075 full
1
serial
K64
preferred
2
4 IRREGULAR 3 32 2 1 4 0 0 1595746951 3400261848 recall
1
serial
K128
preferred
1
8 STRIDED 0 16 2 2 2 128 0 1139376029 1238760532 full
6
2
serial
K256
lloaded
3
8 STRIDED 0 16 2 2 2 128 0 2142502786 1662709202 llc
4 IRREGULAR 3 32 2 1 4 0 0 1523768092 2142502786 llc
2
serial
K256
lloaded
2
6 STREAMING 0 16 1 4 1 0 0 1571372842 2588451315 llc
2 STRIDED 0 8 4 2 1 32 0 2087159109 1571372842 none
2
serial
K256
lloaded
2
0 IRREGULAR 3 32 1 4 4 0 0 2671677248 577100262 full
5 IRREGULAR 4 16 4 2 1 0 0 512486778 2671677248 recall
1
serial
K256
lloaded
3
1 STREAMING 0 8 4 4 1 0 0 4265756279 2903176409 recall
1
serial
K256
lloaded
3
7 STRIDED 0 16 1 4 4 256 0 2383301432 4077752376 llc
1
serial
K256
lloaded
1
3 STREAMING 0 16 4 1 1 0 0 3979905675 1650506350 recall
6
4
serial
M2
lloaded
3
0 IRREGULAR 3 32 1 4 4 0 0 3394223620 1818758657 none
2 STRIDED 0 8 4 2 1 32 0 3356953923 3394223620 full
3 STREAMING 0 16 4 1 1 0 0 3428461342 3356953923 full
6 STREAMING 0 16 1 4 1 0 0 1857144844 3428461342 llc
1
serial
M2
lloaded
2
5 IRREGULAR 4 16 4 2 1 0 0 217840166 962484318 recall
1
serial
M4
lloaded
1
8 STRIDED 0 16 2 2 2 128 0 115307396 1891787992 recall
1
serial
M1
lloaded
1
1 STREAMING 0 8 4 4 1 0 0 1518854831 874535795 llc
1
serial
M1
lloaded
3
4 IRREGULAR 3 32 2 1 4 0 0 3526456178 2088928897 full
1
serial
M1
lloaded
2
7 STRIDED 0 16 1 4 4 256 0 752893435 2922980911 full
6
1
serial
K32
balanced
1
4 IRREGULAR 3 32 2 1 4 0 0 4043604862 1071301365 none
1
serial
K1
balanced
2
6 STREAMING 0 16 1 4 1 0 0 1146522048 3996925781 full
3
serial
M2
balanced
2
2 STRIDED 0 8 4 2 1 32 0 1492389556 1673025751 full
5 IRREGULAR 4 16 4 2 1 0 0 803795318 1492389556 recall
3 STREAMING 0 16 4 1 1 0 0 4196282744 803795318 recall
2
serial
K512
balanced
1
7 STRIDED 0 16 1 4 4 256 0 2195398072 3292546602 llc
0 IRREGULAR 3 32 1 4 4 0 0 1866135411 2195398072 recall
1
serial
M4
balanced
2
8 STRIDED 0 16 2 2 2 128 0 2374627693 1856409477 llc
1
serial
M1
balanced
3
1 STREAMING 0 8 4 4 1 0 0 595411338 13563363 full
8
2
serial
K8
lutil
2
7 STRIDED 0 16 1 4 4 256 0 2398502975 2191924239 recall
3 STREAMING 0 16 4 1 1 0 0 503932999 2398502975 llc
1
serial
K1
lutil
3
4 IRREGULAR 3 32 2 1 4 0 0 302391051 3038769807 full
1
serial
K4
lutil
3
8 STRIDED 0 16 2 2 2 128 0 3773730825 1133709531 llc
1
serial
K1
lutil
2
1 STREAMING 0 8 4 4 1 0 0 958651363 2056676543 recall
1
serial
K1
lutil
1
5 IRREGULAR 4 16 4 2 1 0 0 1449939060 695844861 recall
1
serial
K4
lutil
1
6 STREAMING 0 16 1 4 1 0 0 325461916 954697655 full
1
serial
K4
lutil
3
0 IRREGULAR 3 32 1 4 4 0 0 381359744 3047480814 full
1
serial
K8
lutil
1
2 STRIDED 0 8 4 2 1 32 0 112524277 942299023 llc
8
1
serial
K64
lloaded
1
6 STREAMING 0 16 1 4 1 0 0 4110811864 836420182 full
1
serial
K32
lloaded
2
4 IRREGULAR 3 32 2 1 4 0 0 2797328942 2466892844 llc
1
serial
K32
lloaded
2
2 STRIDED 0 8 4 2 1 32 0 2542225105 2624295793 recall
2
serial
K32
lloaded
3
1 STREAMING 0 8 4 4 1 0 0 2631162252 1057167049 none
7 STRIDED 0 16 1 4 4 256 0 2914097579 2631162252 none
1
serial
K128
lloaded
2
0 IRREGULAR 3 32 1 4 4 0 0 2395941103 666756056 llc
1
serial
K32
lloaded
3
3 STREAMING 0 16 4 1 1 0 0 2441413110 2176557214 llc
1
serial
K32
lloaded
2
5 IRREGULAR 4 16 4 2 1 0 0 930611582 2962775705 full
1
serial
K32
lloaded
1
8 STRIDED 0 16 2 2 2 128 0 1041324764 2641145612 full
8
1
serial
K512
preferred
2
4 IRREGULAR 3 32 2 1 4 0 0 1177938664 890653991 llc
1
serial
K256
preferred
1
3 STREAMING 0 16 4 1 1 0 0 1286853487 598516981 full
1
serial
K512
preferred
3
0 IRREGULAR 3 32 1 4 4 0 0 3349514214 3826995664 llc
1
serial
K256
preferred
2
6 STREAMING 0 16 1 4 1 0 0 1584570105 1660120995 llc
1
serial
K256
preferred
2
8 STRIDED 0 16 2 2 2 128 0 848596233 558112458 none
2
serial
K256
preferred
3
7 STRIDED 0 16 1 4 4 256 0 3554470181 32318080 full
1 STREAMING 0 8 4 4 1 0 0 1968728833 3554470181 full
1
serial
K256
preferred
3
2 STRIDED 0 8 4 2 1 32 0 2158653055 1413846746 recall
1
serial
K512
preferred
3
5 IRREGULAR 4 16 4 2 1 0 0 3026810672 1614534681 recall
8
1
serial
M1
lloaded
1
0 IRREGULAR 3 32 1 4 4 0 0 2863057217 1550633718 full
2
serial
M1
lloaded
1
7 STRIDED 0 16 1 4 4 256 0 889236472 1631516570 recall
2 STRIDED 0 8 4 2 1 32 0 2144870496 889236472 llc
1
serial
M2
lloaded
2
1 STREAMING 0 8 4 4 1 0 0 4023526048 1978762431 full
1
serial
M2
lloaded
3
5 IRREGULAR 4 16 4 2 1 0 0 1285106315 2910514111 llc
1
serial
M1
lloaded
3
8 STRIDED 0 16 2 2 2 128 0 2585427370 2481601032 recall
1
serial
M2
lloaded
2
6 STREAMING 0 16 1 4 1 0 0 1531178799 158312046 llc
1
serial
M2
lloaded
2
4 IRREGULAR 3 32 2 1 4 0 0 1751354699 3937813955 llc
1
serial
M4
lloaded
3
3 STREAMING 0 16 4 1 1 0 0 3185851216 1995832813 recall
8
2
serial
K128
lutil
2
2 STRIDED 0 8 4 2 1 32 0 1103323728 784377582 llc
0 IRREGULAR 3 32 1 4 4 0 0 3431878087 1103323728 none
1
serial
K1
lutil
3
8 STRIDED 0 16 2 2 2 128 0 108950023 3613923744 none
1
serial
K512
lutil
1
1 STREAMING 0 8 4 4 1 0 0 263289424 1062580774 none
1
serial
K1
lutil
3
3 STREAMING 0 16 4 1 1 0 0 392049196 2497736927 llc
1
serial
K32
lutil
3
6 STREAMING 0 16 1 4 1 0 0 3184123978 2591509848 none
1
serial
K256
lutil
1
4 IRREGULAR 3 32 2 1 4 0 0 1545347041 285668300 recall
1
serial
K32
lutil
2
5 IRREGULAR 4 16 4 2 1 0 0 2516435017 1983604892 llc
1
serial
K4
lutil
1
7 STRIDED 0 16 1 4 4 256 0 3496212365 405934127 recall
9
1
serial
K2
preferred
3
1 STREAMING 0 8 4 4 1 0 0 1272206026 3745872040 none
1
serial
K2
preferred
3
6 STREAMING 0 16 1 4 1 0 0 516397097 4281238826 full
1
serial
K16
preferred
2
5 IRREGULAR 4 16 4 2 1 0 0 99093518 2571032465 full
1
serial
K16
preferred
2
7 STRIDED 0 16 1 4 4 256 0 1689699744 4153115592 llc
1
serial
K16
preferred
3
3 STREAMING 0 16 4 1 1 0 0 817724441 402191751 recall
1
serial
K8
preferred
1
8 STRIDED 0 16 2 2 2 128 0 1857469718 3412922745 none
1
serial
K2
preferred
1
4 IRREGULAR 3 32 2 1 4 0 0 2742336129 1943812593 none
1
serial
K1
preferred
3
2 STRIDED 0 8 4 2 1 32 0 1429682937 3542155919 recall
1
serial
K16
preferred
1
0 IRREGULAR 3 32 1 4 4 0 0 4161222203 989408367 none
9
1
serial
K64
balanced
3
1 STREAMING 0 8 4 4 1 0 0 386918134 2458734377 none
1
serial
K128
balanced
3
2 STRIDED 0 8 4 2 1 32 0 2261379850 2085663375 none
1
serial
K32
balanced
2
3 STREAMING 0 16 4 1 1 0 0 1416812786 3709812987 full
1
serial
K64
balanced
3
0 IRREGULAR 3 32 1 4 4 0 0 89101866 166841691 recall
1
serial
K32
balanced
2
5 IRREGULAR 4 16 4 2 1 0 0 2651888420 1861251181 llc
1
serial
K32
balanced
3
6 STREAMING 0 16 1 4 1 0 0 3566247777 3790507249 full
1
serial
K32
balanced
2
7 STRIDED 0 16 1 4 4 256 0 1028634603 3305518340 full
1
serial
K128
balanced
2
4 IRREGULAR 3 32 2 1 4 0 0 1801190171 2105808565 llc
1
serial
K128
balanced
2
8 STRIDED 0 16 2 2 2 128 0 880222404 2315770724 none
9
1
serial
K256
balanced
1
8 STRIDED 0 16 2 2 2 128 0 4125258817 3014983837 none
1
serial
K256
balanced
3
5 IRREGULAR 4 16 4 2 1 0 0 2114802635 721621396 recall
1
serial
K256
balanced
2
4 IRREGULAR 3 32 2 1 4 0 0 2797210692 2737059605 full
1
serial
K512
balanced
2
3 STREAMING 0 16 4 1 1 0 0 1570805477 3581804647 llc
1
serial
K256
balanced
2
0 IRREGULAR 3 32 1 4 4 0 0 1487600463 1430145667 llc
1
serial
K256
balanced
3
1 STREAMING 0 8 4 4 1 0 0 1630761718 1715419797 recall
1
serial
K256
balanced
2
2 STRIDED 0 8 4 2 1 32 0 657490785 4117118946 llc
1
serial
K512
balanced
1
7 STRIDED 0 16 1 4 4 256 0 3453068795 795852393 recall
1
serial
K512
balanced
3
6 STREAMING 0 16 1 4 1 0 0 2518570616 3989824384 recall
9
1
serial
M4
balanced
3
0 IRREGULAR 3 32 1 4 4 0 0 3890758580 3473753852 none
1
serial
M1
balanced
3
7 STRIDED 0 16 1 4 4 256 0 2862099474 3401351874 recall
1
serial
M4
balanced
1
1 STREAMING 0 8 4 4 1 0 0 3479506553 3107798212 llc
1
serial
M2
balanced
2
3 STREAMING 0 16 4 1 1 0 0 2776540326 3202988474 llc
1
serial
M2
balanced
3
6 STREAMING 0 16 1 4 1 0 0 2881314636 2286222723 recall
1
serial
M2
balanced
1
2 STRIDED 0 8 4 2 1 32 0 3959365369 2031342327 recall
1
serial
M1
balanced
2
5 IRREGULAR 4 16 4 2 1 0 0 2775663671 3991671557 none
1
serial
M2
balanced
2
4 IRREGULAR 3 32 2 1 4 0 0 4100969621 579351659 full
1
serial
M1
balanced
3
8 STRIDED 0 16 2 2 2 128 0 2842956294 2910944881 llc
9
1
serial
K2
balanced
2
8 STRIDED 0 16 2 2 2 128 0 1216770073 3151367833 llc
1
serial
K128
balanced
3
2 STRIDED 0 8 4 2 1 32 0 4173779772 482138183 full
1
serial
K16
balanced
3
1 STREAMING 0 8 4 4 1 0 0 800930480 1896516274 full
1
serial
K256
balanced
3
3 STREAMING 0 16 4 1 1 0 0 1409123025 2932987921 none
1
serial
M4
balanced
3
6 STREAMING 0 16 1 4 1 0 0 2355816761 1883935960 none
1
serial
M4
balanced
2
4 IRREGULAR 3 32 2 1 4 0 0 637367289 2521014794 recall
1
serial
K2
balanced
3
0 IRREGULAR 3 32 1 4 4 0 0 1145922922 112337632 full
1
serial
M4
balanced
3
7 STRIDED 0 16 1 4 4 256 0 1796752334 1245363592 none
1
serial
K256
balanced
2
5 IRREGULAR 4 16 4 2 1 0 0 2469184164 2869776983 none
