35
1
1
serial
K2
lutil
3
5 IRREGULAR 4 16 4 2 1 0 0 2288920150 1143346330 recall
1
1
serial
K128
lloaded
1
3 STREAMING 0 16 4 1 1 0 0 144155295 3124766473 llc
1
7
serial
K256
lloaded
1
3 STREAMING 0 16 4 1 1 0 0 3123924032 251768428 llc
1 STREAMING 0 8 4 4 1 0 0 2387390630 3123924032 llc
6 STREAMING 0 16 1 4 1 0 0 3297125794 2387390630 llc
8 STRIDED 0 16 2 2 2 128 0 776757909 3297125794 none
5 IRREGULAR 4 16 4 2 1 0 0 1945524293 776757909 llc
7 STRIDED 0 16 1 4 4 256 0 3160149239 1945524293 recall
2 STRIDED 0 8 4 2 1 32 0 548985090 3160149239 llc
1
1
serial
M4
lloaded
1
5 IRREGULAR 4 16 4 2 1 0 0 1520494456 829240278 recall
1
1
serial
K8
lutil
3
2 STRIDED 0 8 4 2 1 32 0 3517980691 843818831 full
2
4
serial
K2
balanced
1
2 STRIDED 0 8 4 2 1 32 0 3594630150 3468385336 llc
1 STREAMING 0 8 4 4 1 0 0 1472922618 3594630150 full
8 STRIDED 0 16 2 2 2 128 0 726382527 1472922618 recall
3 STREAMING 0 16 4 1 1 0 0 2058372194 726382527 none
1
serial
K16
balanced
2
5 IRREGULAR 4 16 4 2 1 0 0 306451909 3016755686 llc
2
3
serial
K32
lloaded
2
4 IRREGULAR 3 32 2 1 4 0 0 3773508035 2501035594 full
6 STREAMING 0 16 1 4 1 0 0 1027114784 3773508035 recall
8 STRIDED 0 16 2 2 2 128 0 4202918965 1027114784 none
5
serial
K128
lloaded
3
1 STREAMING 0 8 4 4 1 0 0 619842788 1063133088 llc
7 STRIDED 0 16 1 4 4 256 0 2270409395 619842788 llc
3 STREAMING 0 16 4 1 1 0 0 203598360 2270409395 recall
2 STRIDED 0 8 4 2 1 32 0 4029000509 203598360 none
5 IRREGULAR 4 16 4 2 1 0 0 26591081 4029000509 none
2
4
serial
K512
lutil
3
8 STRIDED 0 16 2 2 2 128 0 188145017 1049229550 none
1 STREAMING 0 8 4 4 1 0 0 1906308644 188145017 full
5 IRREGULAR 4 16 4 2 1 0 0 2655771346 1906308644 full
3 STREAMING 0 16 4 1 1 0 0 3929338218 2655771346 recall
3
serial
K512
lutil
2
2 STRIDED 0 8 4 2 1 32 0 2837430973 2534713255 none
0 IRREGULAR 3 32 1 4 4 0 0 3120062217 2837430973 full
6 STREAMING 0 16 1 4 1 0 0 2994155074 3120062217 recall
2
4
serial
M2
lloaded
3
4 IRREGULAR 3 32 2 1 4 0 0 104268395 1575007356 none
5 IRREGULAR 4 16 4 2 1 0 0 415527738 104268395 full
6 STREAMING 0 16 1 4 1 0 0 827229841 415527738 recall
3 STREAMING 0 16 4 1 1 0 0 3892899804 827229841 none
1
serial
M4
lloaded
3
2 STRIDED 0 8 4 2 1 32 0 2110058589 341475526 none
2
1
serial
K32
preferred
3
5 IRREGULAR 4 16 4 2 1 0 0 949650181 1105098445 full
3
serial
K128
preferred
1
6 STREAMING 0 16 1 4 1 0 0 2390749866 1573786977 llc
7 STRIDED 0 16 1 4 4 256 0 1176712943 2390749866 full
0 IRREGULAR 3 32 1 4 4 0 0 735651041 1176712943 none
3
4
serial
K8
lutil
2
2 STRIDED 0 8 4 2 1 32 0 2906326786 763159255 llc
6 STREAMING 0 16 1 4 1 0 0 125892010 2906326786 llc
8 STRIDED 0 16 2 2 2 128 0 355314410 125892010 none
0 IRREGULAR 3 32 1 4 4 0 0 4233115056 355314410 none
1
serial
K8
lutil
3
7 STRIDED 0 16 1 4 4 256 0 3927642942 2363485434 recall
1
serial
K8
lutil
1
5 IRREGULAR 4 16 4 2 1 0 0 3236269896 3518406290 recall
3
4
serial
K64
balanced
1
6 STREAMING 0 16 1 4 1 0 0 2515388214 776326754 none
3 STREAMING 0 16 4 1 1 0 0 2045646692 2515388214 full
0 IRREGULAR 3 32 1 4 4 0 0 498447871 2045646692 llc
5 IRREGULAR 4 16 4 2 1 0 0 2151319367 498447871 recall
2
serial
K32
balanced
3
8 STRIDED 0 16 2 2 2 128 0 1291312078 1693007456 full
2 STRIDED 0 8 4 2 1 32 0 1180742134 1291312078 recall
3
serial
K32
balanced
2
7 STRIDED 0 16 1 4 4 256 0 3811225179 3302282920 none
1 STREAMING 0 8 4 4 1 0 0 1518235979 3811225179 full
4 IRREGULAR 3 32 2 1 4 0 0 662357698 1518235979 llc
3
4
serial
K512
balanced
2
4 IRREGULAR 3 32 2 1 4 0 0 1758291114 1695149688 llc
3 STREAMING 0 16 4 1 1 0 0 2616921463 1758291114 recall
8 STRIDED 0 16 2 2 2 128 0 1870200048 2616921463 full
1 STREAMING 0 8 4 4 1 0 0 1654216874 1870200048 recall
2
serial
K256
balanced
2
6 STREAMING 0 16 1 4 1 0 0 1967603530 3601621344 none
2 STRIDED 0 8 4 2 1 32 0 671909781 1967603530 full
1
serial
K256
balanced
2
0 IRREGULAR 3 32 1 4 4 0 0 2837780592 3583843567 full
3
6
serial
M1
balanced
3
0 IRREGULAR 3 32 1 4 4 0 0 2336469843 2143647468 llc
1 STREAMING 0 8 4 4 1 0 0 3272178784 2336469843 llc
6 STREAMING 0 16 1 4 1 0 0 3333271134 3272178784 none
2 STRIDED 0 8 4 2 1 32 0 2519914959 3333271134 none
8 STRIDED 0 16 2 2 2 128 0 316794018 2519914959 recall
7 STRIDED 0 16 1 4 4 256 0 2813477057 316794018 none
2
serial
M2
balanced
1
4 IRREGULAR 3 32 2 1 4 0 0 2335437445 3778123815 llc
3 STREAMING 0 16 4 1 1 0 0 368911855 2335437445 full
1
serial
M4
balanced
2
5 IRREGULAR 4 16 4 2 1 0 0 2845521493 3195517824 full
3
5
serial
M2
lutil
2
8 STRIDED 0 16 2 2 2 128 0 828812313 3357595803 llc
6 STREAMING 0 16 1 4 1 0 0 2420175526 828812313 none
2 STRIDED 0 8 4 2 1 32 0 2000659260 2420175526 none
1 STREAMING 0 8 4 4 1 0 0 3355541714 2000659260 recall
3 STREAMING 0 16 4 1 1 0 0 2158296529 3355541714 recall
1
serial
K64
lutil
1
4 IRREGULAR 3 32 2 1 4 0 0 4243743081 2397209996 llc
2
serial
K512
lutil
3
5 IRREGULAR 4 16 4 2 1 0 0 1885474071 1574505483 recall
0 IRREGULAR 3 32 1 4 4 0 0 2118189758 1885474071 full
4
2
serial
K2
preferred
2
1 STREAMING 0 8 4 4 1 0 0 138606796 4201305436 llc
7 STRIDED 0 16 1 4 4 256 0 1356737714 138606796 recall
1
serial
K4
preferred
1
6 STREAMING 0 16 1 4 1 0 0 2213027844 420513597 recall
2
serial
K2
preferred
3
2 STRIDED 0 8 4 2 1 32 0 363257005 2818711666 recall
5 IRREGULAR 4 16 4 2 1 0 0 922496192 363257005 llc
1
serial
K16
preferred
2
3 STREAMING 0 16 4 1 1 0 0 1349165404 3594550820 llc
4
5
serial
K64
balanced
3
2 STRIDED 0 8 4 2 1 32 0 416943749 141247423 llc
5 IRREGULAR 4 16 4 2 1 0 0 3176188009 416943749 none
7 STRIDED 0 16 1 4 4 256 0 3952064298 3176188009 none
6 STREAMING 0 16 1 4 1 0 0 905124656 3952064298 recall
1 STREAMING 0 8 4 4 1 0 0 3713315131 905124656 full
2
serial
K128
balanced
3
3 STREAMING 0 16 4 1 1 0 0 3505469620 3316897189 none
4 IRREGULAR 3 32 2 1 4 0 0 184747515 3505469620 full
1
serial
K64
balanced
3
0 IRREGULAR 3 32 1 4 4 0 0 1707873383 2956218865 llc
1
serial
K32
balanced
2
8 STRIDED 0 16 2 2 2 128 0 3009795621 974443686 full
4
2
serial
K256
preferred
3
2 STRIDED 0 8 4 2 1 32 0 1051841090 1541427755 recall
8 STRIDED 0 16 2 2 2 128 0 668158087 1051841090 recall
2
serial
K256
preferred
3
7 STRIDED 0 16 1 4 4 256 0 81155222 3872646277 full
6 STREAMING 0 16 1 4 1 0 0 551919254 81155222 llc
1
serial
K512
preferred
1
4 IRREGULAR 3 32 2 1 4 0 0 1177349080 2049171649 full
1
serial
K256
preferred
1
1 STREAMING 0 8 4 4 1 0 0 2007701491 1684253826 none
4
4
serial
M1
balanced
3
5 IRREGULAR 4 16 4 2 1 0 0 3770444740 365288064 full
2 STRIDED 0 8 4 2 1 32 0 2302760770 3770444740 recall
8 STRIDED 0 16 2 2 2 128 0 2302716318 2302760770 full
4 IRREGULAR 3 32 2 1 4 0 0 853192066 2302716318 none
3
serial
M1
balanced
2
1 STREAMING 0 8 4 4 1 0 0 736205812 291763150 llc
6 STREAMING 0 16 1 4 1 0 0 1930838376 736205812 none
3 STREAMING 0 16 4 1 1 0 0 2913928962 1930838376 llc
1
serial
M4
balanced
1
0 IRREGULAR 3 32 1 4 4 0 0 866800595 1103245709 recall
1
serial
M1
balanced
3
7 STRIDED 0 16 1 4 4 256 0 3523565049 1077925825 recall
4
3
serial
K512
preferred
3
6 STREAMING 0 16 1 4 1 0 0 109302263 1313316139 llc
5 IRREGULAR 4 16 4 2 1 0 0 1450195509 109302263 full
3 STREAMING 0 16 4 1 1 0 0 4008071026 1450195509 none
1
serial
K64
preferred
2
0 IRREGULAR 3 32 1 4 4 0 0 3903492038 3167347877 recall
3
serial
K256
preferred
3
2 STRIDED 0 8 4 2 1 32 0 3720955146 490027484 recall
7 STRIDED 0 16 1 4 4 256 0 1310382695 3720955146 recall
1 STREAMING 0 8 4 4 1 0 0 2257029537 1310382695 full
1
serial
K16
preferred
1
8 STRIDED 0 16 2 2 2 128 0 1369046543 1905309072 full
6
1
serial
K8
preferred
3
4 IRREGULAR 3 32 2 1 4 0 0 3868848118 3586627013 none
1
serial
K16
preferred
2
8 STRIDED 0 16 2 2 2 128 0 2264711645 1179899592 llc
1
serial
K2
preferred
3
0 IRREGULAR 3 32 1 4 4 0 0 2178691979 1527530859 recall
3
serial
K4
preferred
3
7 STRIDED 0 16 1 4 4 256 0 1705142345 324758399 llc
1 STREAMING 0 8 4 4 1 0 0 3906915670 1705142345 full
5 IRREGULAR 4 16 4 2 1 0 0 2470110820 3906915670 recall
2
serial
K16
preferred
1
2 STRIDED 0 8 4 2 1 32 0 1236158096 1569095296 none
6 STREAMING 0 16 1 4 1 0 0 2271727738 1236158096 recall
1
serial
K4
preferred
2
3 STREAMING 0 16 4 1 1 0 0 3964002171 3256283304 none
6
3
serial
K64
lloaded
2
3 STREAMING 0 16 4 1 1 0 0 1769332883 2856193290 none
2 STRIDED 0 8 4 2 1 32 0 3037045965 1769332883 llc
5 IRREGULAR 4 16 4 2 1 0 0 3151318545 3037045965 llc
2
serial
K64
lloaded
1
1 STREAMING 0 8 4 4 1 0 0 1950589882 1568857091 full
7 STRIDED 0 16 1 4 4 256 0 2062630982 1950589882 recall
1
serial
K64
lloaded
1
4 IRREGULAR 3 32 2 1 4 0 0 139877011 27818423 recall
1
serial
K64
lloaded
2
0 IRREGULAR 3 32 1 4 4 0 0 3005673035 579195123 llc
1
serial
K128
lloaded
1
8 STRIDED 0 16 2 2 2 128 0 3890636721 3494920745 full
1
serial
K128
lloaded
1
6 STREAMING 0 16 1 4 1 0 0 3347138836 2332724640 llc
6
1
serial
K256
balanced
3
2 STRIDED 0 8 4 2 1 32 0 1263414012 1037677036 llc
1
serial
K512
balanced
2
8 STRIDED 0 16 2 2 2 128 0 2183624901 636828079 none
1
serial
K512
balanced
1
0 IRREGULAR 3 32 1 4 4 0 0 3736228769 599579489 none
2
serial
K512
balanced
1
4 IRREGULAR 3 32 2 1 4 0 0 1195402132 3348104066 recall
7 STRIDED 0 16 1 4 4 256 0 1422442953 1195402132 llc
1
serial
K512
balanced
3
5 IRREGULAR 4 16 4 2 1 0 0 4144643399 2172250272 none
1
serial
K512
balanced
3
6 STREAMING 0 16 1 4 1 0 0 536368727 423887620 full
6
2
serial
M2
lloaded
3
8 STRIDED 0 16 2 2 2 128 0 1845312024 2423178583 none
6 STREAMING 0 16 1 4 1 0 0 849110633 1845312024 none
2
serial
M1
lloaded
1
5 IRREGULAR 4 16 4 2 1 0 0 1678589810 3031162134 full
2 STRIDED 0 8 4 2 1 32 0 3983433954 1678589810 recall
1
serial
M2
lloaded
1
0 IRREGULAR 3 32 1 4 4 0 0 146672868 1953400534 recall
1
serial
M1
lloaded
2
7 STRIDED 0 16 1 4 4 256 0 3642929602 3564346744 none
1
serial
M1
lloaded
3
1 STREAMING 0 8 4 4 1 0 0 1551681224 2362110073 recall
1
serial
M2
lloaded
3
3 STREAMING 0 16 4 1 1 0 0 3293734289 2637489858 llc
6
4
serial
K256
lloaded
3
1 STREAMING 0 8 4 4 1 0 0 1102222440 3978556738 none
3 STREAMING 0 16 4 1 1 0 0 2136968113 1102222440 llc
2 STRIDED 0 8 4 2 1 32 0 4053333622 2136968113 full
0 IRREGULAR 3 32 1 4 4 0 0 4109098989 4053333622 llc
1
serial
K256
lloaded
3
6 STREAMING 0 16 1 4 1 0 0 3702406688 1803076944 recall
1
serial
M2
lloaded
3
4 IRREGULAR 3 32 2 1 4 0 0 1186667354 1919227631 none
1
serial
K64
lloaded
1
7 STRIDED 0 16 1 4 4 256 0 3038609951 1338158938 llc
1
serial
K1
lloaded
2
8 STRIDED 0 16 2 2 2 128 0 2793847303 3277683985 full
1
serial
K32
lloaded
2
5 IRREGULAR 4 16 4 2 1 0 0 2391610163 4223957820 none
8
1
serial
K1
balanced
2
0 IRREGULAR 3 32 1 4 4 0 0 2987447165 3499836420 full
1
serial
K8
balanced
3
2 STRIDED 0 8 4 2 1 32 0 3896069395 279307607 none
1
serial
K8
balanced
1
8 STRIDED 0 16 2 2 2 128 0 682234058 3679761997 recall
1
serial
K1
balanced
2
5 IRREGULAR 4 16 4 2 1 0 0 1486075731 2008889491 llc
1
serial
K16
balanced
1
3 STREAMING 0 16 4 1 1 0 0 290204251 2140433299 recall
1
serial
K4
balanced
1
6 STREAMING 0 16 1 4 1 0 0 2460113198 2930311701 full
1
serial
K4
balanced
3
1 STREAMING 0 8 4 4 1 0 0 3173786822 841485868 full
1
serial
K2
balanced
3
4 IRREGULAR 3 32 2 1 4 0 0 1724421502 1351611201 recall
8
1
serial
K64
balanced
1
0 IRREGULAR 3 32 1 4 4 0 0 4106920997 1232340036 recall
2
serial
K32
balanced
2
3 STREAMING 0 16 4 1 1 0 0 3575080134 2034613326 llc
7 STRIDED 0 16 1 4 4 256 0 1539135586 3575080134 llc
1
serial
K128
balanced
3
1 STREAMING 0 8 4 4 1 0 0 3992751847 2969094255 none
1
serial
K64
balanced
3
8 STRIDED 0 16 2 2 2 128 0 836893162 73758965 none
1
serial
K32
balanced
1
6 STREAMING 0 16 1 4 1 0 0 2498936147 3885704555 none
1
serial
K128
balanced
2
5 IRREGULAR 4 16 4 2 1 0 0 3991393038 1934082671 llc
1
serial
K128
balanced
1
4 IRREGULAR 3 32 2 1 4 0 0 1264642002 3974215350 llc
1
serial
K64
balanced
1
2 STRIDED 0 8 4 2 1 32 0 1429787963 2256601183 llc
8
2
serial
K512
balanced
3
8 STRIDED 0 16 2 2 2 128 0 4185427537 1462562927 full
3 STREAMING 0 16 4 1 1 0 0 2738077751 4185427537 none
1
serial
K256
balanced
1
0 IRREGULAR 3 32 1 4 4 0 0 998754098 1147769933 recall
1
serial
K256
balanced
3
2 STRIDED 0 8 4 2 1 32 0 979107044 1019466006 recall
1
serial
K512
balanced
1
4 IRREGULAR 3 32 2 1 4 0 0 2290898945 3757295331 none
1
serial
K256
balanced
3
7 STRIDED 0 16 1 4 4 256 0 345427753 1791050449 recall
1
serial
K256
balanced
2
6 STREAMING 0 16 1 4 1 0 0 3790209988 1740121133 recall
1
serial
K512
balanced
2
5 IRREGULAR 4 16 4 2 1 0 0 1340028451 825907174 full
1
serial
K256
balanced
3
1 STREAMING 0 8 4 4 1 0 0 1037019841 225170924 none
8
1
serial
M1
lloaded
2
3 STREAMING 0 16 4 1 1 0 0 1933485381 906569417 recall
2
serial
M4
lloaded
1
6 STREAMING 0 16 1 4 1 0 0 4004859734 2279954184 full
7 STRIDED 0 16 1 4 4 256 0 3051013196 4004859734 recall
1
serial
M1
lloaded
3
0 IRREGULAR 3 32 1 4 4 0 0 3445198059 4229228863 full
1
serial
M1
lloaded
2
2 STRIDED 0 8 4 2 1 32 0 806109311 2274981050 recall
1
serial
M1
lloaded
1
8 STRIDED 0 16 2 2 2 128 0 2295198912 304562496 llc
1
serial
M1
lloaded
3
4 IRREGULAR 3 32 2 1 4 0 0 909760755 2410265291 full
1
serial
M1
lloaded
2
1 STREAMING 0 8 4 4 1 0 0 4005343025 3841917713 full
1
serial
M2
lloaded
2
5 IRREGULAR 4 16 4 2 1 0 0 1631269703 1006858251 none
8
1
serial
K1
lutil
3
5 IRREGULAR 4 16 4 2 1 0 0 3002162258 3267340303 recall
1
serial
M2
lutil
2
8 STRIDED 0 16 2 2 2 128 0 308075309 3503480333 recall
1
serial
M4
lutil
1
0 IRREGULAR 3 32 1 4 4 0 0 1423289998 4007551668 llc
2
serial
K8
lutil
1
6 STREAMING 0 16 1 4 1 0 0 1176162754 704964234 full
7 STRIDED 0 16 1 4 4 256 0 561988760 1176162754 full
1
serial
M4
lutil
3
2 STRIDED 0 8 4 2 1 32 0 1128188451 2390403815 recall
1
serial
K1
lutil
3
1 STREAMING 0 8 4 4 1 0 0 3872656875 2159682925 recall
1
serial
K16
lutil
3
4 IRREGULAR 3 32 2 1 4 0 0 2386783001 207393306 none
1
serial
K256
lutil
3
3 STREAMING 0 16 4 1 1 0 0 4220953941 3160535834 full
9
1
serial
K2
lutil
3
7 STRIDED 0 16 1 4 4 256 0 3616437656 775242457 full
1
serial
K1
lutil
1
3 STREAMING 0 16 4 1 1 0 0 1086223806 3653711877 llc
1
serial
K2
lutil
2
5 IRREGULAR 4 16 4 2 1 0 0 560264481 1332740595 llc
1
serial
K1
lutil
1
4 IRREGULAR 3 32 2 1 4 0 0 905325335 886658540 none
1
serial
K16
lutil
3
0 IRREGULAR 3 32 1 4 4 0 0 748288016 795036150 full
1
serial
K16
lutil
2
6 STREAMING 0 16 1 4 1 0 0 4051194593 745948713 llc
1
serial
K2
lutil
2
2 STRIDED 0 8 4 2 1 32 0 3851627521 1085157301 none
1
serial
K8
lutil
1
1 STREAMING 0 8 4 4 1 0 0 1375687731 3616640899 recall
1
serial
K4
lutil
3
8 STRIDED 0 16 2 2 2 128 0 762825437 413794673 llc
9
1
serial
K128
lloaded
3
1 STREAMING 0 8 4 4 1 0 0 1132241931 1816131979 none
1
serial
K32
lloaded
3
7 STRIDED 0 16 1 4 4 256 0 3353840244 2542008557 full
1
serial
K32
lloaded
3
0 IRREGULAR 3 32 1 4 4 0 0 3105426779 4131707785 recall
1
serial
K32
lloaded
1
2 STRIDED 0 8 4 2 1 32 0 2370083273 2445460511 recall
1
serial
K32
lloaded
1
6 STREAMING 0 16 1 4 1 0 0 4049465389 742409177 full
1
serial
K64
lloaded
2
3 STREAMING 0 16 4 1 1 0 0 406883963 2817988983 none
1
serial
K64
lloaded
2
8 STRIDED 0 16 2 2 2 128 0 4041090747 1540223356 none
1
serial
K128
lloaded
1
4 IRREGULAR 3 32 2 1 4 0 0 4096685229 890788223 llc
1
serial
K64
lloaded
1
5 IRREGULAR 4 16 4 2 1 0 0 2386361395 840018850 recall
9
1
serial
K256
lloaded
1
8 STRIDED 0 16 2 2 2 128 0 2569946785 4177558404 full
1
serial
K256
lloaded
2
5 IRREGULAR 4 16 4 2 1 0 0 1373234615 26104563 recall
1
serial
K512
lloaded
1
7 STRIDED 0 16 1 4 4 256 0 1585437040 2279427062 llc
1
serial
K512
lloaded
1
4 IRREGULAR 3 32 2 1 4 0 0 1718555289 3834301689 recall
1
serial
K256
lloaded
3
2 STRIDED 0 8 4 2 1 32 0 338484428 814728284 llc
1
serial
K512
lloaded
3
1 STREAMING 0 8 4 4 1 0 0 4103448446 2914487456 recall
1
serial
K256
lloaded
3
6 STREAMING 0 16 1 4 1 0 0 2129904086 3628227245 recall
1
serial
K256
lloaded
2
3 STREAMING 0 16 4 1 1 0 0 1211610480 306494548 llc
1
serial
K512
lloaded
3
0 IRREGULAR 3 32 1 4 4 0 0 2095877731 1537729174 none
9
1
serial
M2
balanced
2
6 STREAMING 0 16 1 4 1 0 0 1207429787 934059051 llc
1
serial
M2
balanced
3
3 STREAMING 0 16 4 1 1 0 0 336040108 2598078914 llc
1
serial
M1
balanced
1
0 IRREGULAR 3 32 1 4 4 0 0 1634385412 889001079 llc
1
serial
M2
balanced
1
1 STREAMING 0 8 4 4 1 0 0 3351199275 51026051 none
1
serial
M1
balanced
3
2 STRIDED 0 8 4 2 1 32 0 500295789 3549416671 full
1
serial
M4
balanced
2
7 STRIDED 0 16 1 4 4 256 0 2868495710 1768417980 full
1
serial
M4
balanced
1
4 IRREGULAR 3 32 2 1 4 0 0 2732939910 429295616 full
1
serial
M2
balanced
1
8 STRIDED 0 16 2 2 2 128 0 296310245 1311081199 full
1
serial
M4
balanced
1
5 IRREGULAR 4 16 4 2 1 0 0 4258364095 3120519064 llc
9
1
serial
K32
lloaded
3
6 STREAMING 0 16 1 4 1 0 0 3767016405 2409516412 recall
1
serial
K256
lloaded
3
8 STRIDED 0 16 2 2 2 128 0 2733061420 1459796453 full
1
serial
K128
lloaded
1
0 IRREGULAR 3 32 1 4 4 0 0 302277222 957850522 none
1
serial
K4
lloaded
1
1 STREAMING 0 8 4 4 1 0 0 141737572 3504271259 llc
1
serial
K64
lloaded
1
2 STRIDED 0 8 4 2 1 32 0 1388478475 3610928721 full
1
serial
M2
lloaded
3
4 IRREGULAR 3 32 2 1 4 0 0 2082457482 3688561286 llc
1
serial
M1
lloaded
1
7 STRIDED 0 16 1 4 4 256 0 2670380569 4273472451 recall
1
serial
K256
lloaded
2
3 STREAMING 0 16 4 1 1 0 0 2176944911 1743354070 llc
1
serial
K2
lloaded
3
5 IRREGULAR 4 16 4 2 1 0 0 74258268 2642195073 full
