35
1
1
serial
K4
lloaded
3
3 STREAMING 0 64 1 2 1 0 0 3991282645 976830688 recall
1
2
serial
K128
lutil
3
2 STREAMING 0 16 2 4 1 0 0 280681234 2844711015 recall
1 IRREGULAR 0 16 2 4 4 0 0 148172311 280681234 llc
1
1
serial
K256
preferred
1
0 STRIDED 0 16 4 4 2 256 0 3880278449 1558665972 llc
1
2
serial
M2
lloaded
3
4 IRREGULAR 4 32 2 1 2 0 0 2183077819 2713854443 none
5 STRIDED 0 16 4 2 2 64 0 3709324828 2183077819 none
1
1
serial
K512
balanced
2
5 STRIDED 0 16 4 2 2 64 0 4009467837 639568941 full
2
2
serial
K2
balanced
1
2 STREAMING 0 16 2 4 1 0 0 4244346482 2971241354 recall
6 STREAMING 0 64 4 1 1 0 0 1926552340 4244346482 full
1
serial
K4
balanced
2
0 STRIDED 0 16 4 4 2 256 0 637702412 2055676837 llc
2
3
serial
K64
lloaded
1
4 IRREGULAR 4 32 2 1 2 0 0 2948285666 3577757527 full
3 STREAMING 0 64 1 2 1 0 0 780865597 2948285666 llc
6 STREAMING 0 64 4 1 1 0 0 260982562 780865597 llc
1
serial
K64
lloaded
3
2 STREAMING 0 16 2 4 1 0 0 262297492 2176330168 llc
2
1
serial
K512
balanced
1
3 STREAMING 0 64 1 2 1 0 0 1539971728 2370664521 recall
4
serial
K512
balanced
2
2 STREAMING 0 16 2 4 1 0 0 46498321 122034382 llc
1 IRREGULAR 0 16 2 4 4 0 0 2002831139 46498321 llc
4 IRREGULAR 4 32 2 1 2 0 0 1051746831 2002831139 full
0 STRIDED 0 16 4 4 2 256 0 4074983690 1051746831 llc
2
5
serial
M2
balanced
2
2 STREAMING 0 16 2 4 1 0 0 1355134973 66074602 none
4 IRREGULAR 4 32 2 1 2 0 0 1387766290 1355134973 none
3 STREAMING 0 64 1 2 1 0 0 1591889323 1387766290 full
0 STRIDED 0 16 4 4 2 256 0 2658318672 1591889323 llc
5 STRIDED 0 16 4 2 2 64 0 1846886760 2658318672 none
1
serial
M4
balanced
1
1 IRREGULAR 0 16 2 4 4 0 0 696196558 3875187318 full
2
1
serial
K64
lutil
3
0 STRIDED 0 16 4 4 2 256 0 1646330090 4221950933 llc
1
serial
K64
lutil
2
1 IRREGULAR 0 16 2 4 4 0 0 3857558018 3341421913 full
3
1
serial
K8
balanced
1
4 IRREGULAR 4 32 2 1 2 0 0 2216246263 3108951569 none
3
serial
K16
balanced
1
2 STREAMING 0 16 2 4 1 0 0 1253473727 4166430129 llc
5 STRIDED 0 16 4 2 2 64 0 1491683585 1253473727 recall
3 STREAMING 0 64 1 2 1 0 0 3888177386 1491683585 full
1
serial
K2
balanced
1
6 STREAMING 0 64 4 1 1 0 0 1044844819 3309195166 recall
3
3
serial
K64
lloaded
2
5 STRIDED 0 16 4 2 2 64 0 1528436738 624876797 llc
1 IRREGULAR 0 16 2 4 4 0 0 3535580869 1528436738 none
2 STREAMING 0 16 2 4 1 0 0 1168763670 3535580869 none
2
serial
K64
lloaded
1
4 IRREGULAR 4 32 2 1 2 0 0 2568756504 3893689703 llc
6 STREAMING 0 64 4 1 1 0 0 2673323933 2568756504 full
2
serial
K128
lloaded
1
3 STREAMING 0 64 1 2 1 0 0 4071822951 867015233 recall
0 STRIDED 0 16 4 4 2 256 0 1523449311 4071822951 llc
3
2
serial
K256
preferred
1
5 STRIDED 0 16 4 2 2 64 0 3106735717 2957912365 none
1 IRREGULAR 0 16 2 4 4 0 0 3134509109 3106735717 none
1
serial
K512
preferred
1
2 STREAMING 0 16 2 4 1 0 0 4031955170 1634846014 recall
2
serial
K256
preferred
3
3 STREAMING 0 64 1 2 1 0 0 2272657284 3222067563 none
0 STRIDED 0 16 4 4 2 256 0 2431179253 2272657284 none
3
3
serial
M2
balanced
2
1 IRREGULAR 0 16 2 4 4 0 0 3628247609 3404411228 recall
0 STRIDED 0 16 4 4 2 256 0 4091956644 3628247609 none
2 STREAMING 0 16 2 4 1 0 0 1597039369 4091956644 none
1
serial
M4
balanced
2
5 STRIDED 0 16 4 2 2 64 0 688442453 248685419 llc
2
serial
M4
balanced
3
4 IRREGULAR 4 32 2 1 2 0 0 537669499 3210983409 llc
6 STREAMING 0 64 4 1 1 0 0 1054306989 537669499 llc
3
4
serial
M2
balanced
3
2 STREAMING 0 16 2 4 1 0 0 3167924512 213043799 llc
3 STREAMING 0 64 1 2 1 0 0 2891436376 3167924512 none
5 STRIDED 0 16 4 2 2 64 0 3837983252 2891436376 llc
6 STREAMING 0 64 4 1 1 0 0 2003793216 3837983252 llc
2
serial
K16
balanced
3
1 IRREGULAR 0 16 2 4 4 0 0 4099654314 4122683591 llc
0 STRIDED 0 16 4 4 2 256 0 424728494 4099654314 none
1
serial
K8
balanced
1
4 IRREGULAR 4 32 2 1 2 0 0 339686739 1703659267 full
4
2
serial
K8
lutil
1
6 STREAMING 0 64 4 1 1 0 0 1428686025 2708252311 recall
4 IRREGULAR 4 32 2 1 2 0 0 4146940999 1428686025 full
1
serial
K4
lutil
3
3 STREAMING 0 64 1 2 1 0 0 2480910805 3891553765 recall
2
serial
K4
lutil
1
2 STREAMING 0 16 2 4 1 0 0 2165110777 834801276 none
0 STRIDED 0 16 4 4 2 256 0 4150986426 2165110777 full
2
serial
K16
lutil
1
5 STRIDED 0 16 4 2 2 64 0 4073879117 521634313 llc
1 IRREGULAR 0 16 2 4 4 0 0 1472825809 4073879117 recall
4
2
serial
K32
lutil
1
3 STREAMING 0 64 1 2 1 0 0 66421752 2461937017 full
0 STRIDED 0 16 4 4 2 256 0 791683948 66421752 full
1
serial
K64
lutil
1
6 STREAMING 0 64 4 1 1 0 0 3109507419 628358208 none
1
serial
K32
lutil
3
2 STREAMING 0 16 2 4 1 0 0 149128981 2562952675 llc
2
serial
K64
lutil
2
5 STRIDED 0 16 4 2 2 64 0 1102000698 3882862130 recall
4 IRREGULAR 4 32 2 1 2 0 0 3511095686 1102000698 full
4
1
serial
K512
lutil
2
5 STRIDED 0 16 4 2 2 64 0 2863457890 2334534013 recall
4
serial
K512
lutil
2
0 STRIDED 0 16 4 4 2 256 0 119590481 2627301393 recall
6 STREAMING 0 64 4 1 1 0 0 798359836 119590481 recall
2 STREAMING 0 16 2 4 1 0 0 3080684063 798359836 llc
1 IRREGULAR 0 16 2 4 4 0 0 2306651162 3080684063 recall
1
serial
K512
lutil
1
4 IRREGULAR 4 32 2 1 2 0 0 1204104723 403506745 recall
1
serial
K256
lutil
3
3 STREAMING 0 64 1 2 1 0 0 3148744316 2789887231 none
4
4
serial
M1
preferred
3
2 STREAMING 0 16 2 4 1 0 0 899428082 2359626027 full
3 STREAMING 0 64 1 2 1 0 0 1619326086 899428082 llc
6 STREAMING 0 64 4 1 1 0 0 485040419 1619326086 full
4 IRREGULAR 4 32 2 1 2 0 0 3244338431 485040419 llc
1
serial
M4
preferred
3
1 IRREGULAR 0 16 2 4 4 0 0 512241140 4285425372 llc
1
serial
M4
preferred
3
5 STRIDED 0 16 4 2 2 64 0 1317518445 1308352013 none
1
serial
M2
preferred
3
0 STRIDED 0 16 4 4 2 256 0 2493046452 3904328719 full
4
2
serial
K32
lutil
3
4 IRREGULAR 4 32 2 1 2 0 0 1367304102 3990657121 none
0 STRIDED 0 16 4 4 2 256 0 1252255856 1367304102 llc
2
serial
K512
lutil
1
2 STREAMING 0 16 2 4 1 0 0 275178470 68841648 llc
6 STREAMING 0 64 4 1 1 0 0 840223829 275178470 full
2
serial
K32
lutil
1
5 STRIDED 0 16 4 2 2 64 0 1251092052 60248414 recall
3 STREAMING 0 64 1 2 1 0 0 3983166413 1251092052 recall
1
serial
K2
lutil
2
1 IRREGULAR 0 16 2 4 4 0 0 3977496538 3920489578 llc
5
1
serial
K16
lutil
3
4 IRREGULAR 4 32 2 1 2 0 0 358851702 337761536 none
2
serial
K8
lutil
1
6 STREAMING 0 64 4 1 1 0 0 1211595534 2239415415 recall
3 STREAMING 0 64 1 2 1 0 0 1516141531 1211595534 llc
1
serial
K4
lutil
3
5 STRIDED 0 16 4 2 2 64 0 137480586 472525634 none
1
serial
K4
lutil
1
2 STREAMING 0 16 2 4 1 0 0 2409352856 1161226752 llc
1
serial
K4
lutil
1
0 STRIDED 0 16 4 4 2 256 0 2756952024 2875197154 llc
5
1
serial
K128
lloaded
1
2 STREAMING 0 16 2 4 1 0 0 3698435706 1163944769 recall
2
serial
K64
lloaded
3
1 IRREGULAR 0 16 2 4 4 0 0 3340794850 60543062 llc
5 STRIDED 0 16 4 2 2 64 0 1748955271 3340794850 full
1
serial
K32
lloaded
3
6 STREAMING 0 64 4 1 1 0 0 3192281840 2585561191 recall
2
serial
K32
lloaded
2
4 IRREGULAR 4 32 2 1 2 0 0 3406836324 1350770086 none
3 STREAMING 0 64 1 2 1 0 0 469518335 3406836324 full
1
serial
K32
lloaded
3
0 STRIDED 0 16 4 4 2 256 0 2658603172 2232366930 full
5
1
serial
K512
lloaded
1
6 STREAMING 0 64 4 1 1 0 0 3537755499 2491502873 llc
2
serial
K256
lloaded
2
5 STRIDED 0 16 4 2 2 64 0 2970020096 10198117 llc
0 STRIDED 0 16 4 4 2 256 0 3678972897 2970020096 full
2
serial
K512
lloaded
2
4 IRREGULAR 4 32 2 1 2 0 0 545661707 2466864464 recall
3 STREAMING 0 64 1 2 1 0 0 3779288735 545661707 full
1
serial
K256
lloaded
2
1 IRREGULAR 0 16 2 4 4 0 0 573856094 3123463066 recall
1
serial
K512
lloaded
3
2 STREAMING 0 16 2 4 1 0 0 339033363 735760922 full
5
2
serial
M2
lutil
1
1 IRREGULAR 0 16 2 4 4 0 0 2276855799 4038172446 full
0 STRIDED 0 16 4 4 2 256 0 3796968372 2276855799 recall
2
serial
M2
lutil
2
6 STREAMING 0 64 4 1 1 0 0 3750983756 1374743441 full
2 STREAMING 0 16 2 4 1 0 0 1547131371 3750983756 full
1
serial
M4
lutil
1
4 IRREGULAR 4 32 2 1 2 0 0 807230305 2106425343 none
1
serial
M2
lutil
2
5 STRIDED 0 16 4 2 2 64 0 1949509037 2179230603 none
1
serial
M2
lutil
3
3 STREAMING 0 64 1 2 1 0 0 4148055519 17373052 full
5
1
serial
K32
lloaded
3
1 IRREGULAR 0 16 2 4 4 0 0 592407368 2513947271 none
1
serial
M4
lloaded
3
2 STREAMING 0 16 2 4 1 0 0 2981963465 2018068671 full
2
serial
K64
lloaded
3
5 STRIDED 0 16 4 2 2 64 0 3147049843 1667423585 full
4 IRREGULAR 4 32 2 1 2 0 0 2568989936 3147049843 llc
2
serial
M4
lloaded
1
0 STRIDED 0 16 4 4 2 256 0 1990769803 2546486472 none
3 STREAMING 0 64 1 2 1 0 0 1372225534 1990769803 llc
1
serial
M1
lloaded
2
6 STREAMING 0 64 4 1 1 0 0 1895284435 602009986 full
6
1
serial
K4
lutil
1
1 IRREGULAR 0 16 2 4 4 0 0 3326438047 784509484 none
1
serial
K2
lutil
2
5 STRIDED 0 16 4 2 2 64 0 2171674574 2740891849 none
1
serial
K4
lutil
1
3 STREAMING 0 64 1 2 1 0 0 2421318977 3851555926 none
1
serial
K4
lutil
1
2 STREAMING 0 16 2 4 1 0 0 2974133687 455792365 full
1
serial
K4
lutil
1
4 IRREGULAR 4 32 2 1 2 0 0 1458598881 1357768196 llc
1
serial
K2
lutil
1
0 STRIDED 0 16 4 4 2 256 0 690226833 818689148 llc
6
1
serial
K64
lloaded
3
2 STREAMING 0 16 2 4 1 0 0 52786360 3894749141 llc
1
serial
K64
lloaded
1
4 IRREGULAR 4 32 2 1 2 0 0 3295330536 7068270 llc
1
serial
K128
lloaded
1
6 STREAMING 0 64 4 1 1 0 0 3602330156 3268698961 none
2
serial
K128
lloaded
3
1 IRREGULAR 0 16 2 4 4 0 0 3431960565 27717813 full
3 STREAMING 0 64 1 2 1 0 0 2570939400 3431960565 recall
1
serial
K64
lloaded
2
5 STRIDED 0 16 4 2 2 64 0 608111534 3754273212 llc
1
serial
K128
lloaded
2
0 STRIDED 0 16 4 4 2 256 0 972561346 261693311 recall
6
2
serial
K512
preferred
1
3 STREAMING 0 64 1 2 1 0 0 3035154422 406067739 none
0 STRIDED 0 16 4 4 2 256 0 2378842660 3035154422 none
1
serial
K256
preferred
3
6 STREAMING 0 64 4 1 1 0 0 2274844586 2602717931 none
1
serial
K256
preferred
1
1 IRREGULAR 0 16 2 4 4 0 0 3964103710 709398228 full
1
serial
K512
preferred
3
5 STRIDED 0 16 4 2 2 64 0 2765441810 557537500 recall
1
serial
K256
preferred
2
4 IRREGULAR 4 32 2 1 2 0 0 154585303 2697469578 llc
1
serial
K256
preferred
3
2 STREAMING 0 16 2 4 1 0 0 2609564276 1020125742 none
6
2
serial
M1
lloaded
2
1 IRREGULAR 0 16 2 4 4 0 0 2239000560 1510562782 llc
2 STREAMING 0 16 2 4 1 0 0 790860334 2239000560 llc
1
serial
M1
lloaded
3
3 STREAMING 0 64 1 2 1 0 0 3240327490 168379083 none
1
serial
M2
lloaded
2
5 STRIDED 0 16 4 2 2 64 0 4019462767 4238135363 full
1
serial
M2
lloaded
3
4 IRREGULAR 4 32 2 1 2 0 0 266812265 1343105910 llc
1
serial
M2
lloaded
2
6 STREAMING 0 64 4 1 1 0 0 2572190145 496730437 none
1
serial
M2
lloaded
3
0 STRIDED 0 16 4 4 2 256 0 3334917455 1797316203 none
6
1
serial
K1
preferred
2
4 IRREGULAR 4 32 2 1 2 0 0 792201402 1705672795 full
1
serial
K8
preferred
2
6 STREAMING 0 64 4 1 1 0 0 53571211 899531235 full
1
serial
K256
preferred
1
0 STRIDED 0 16 4 4 2 256 0 51708575 2693336265 llc
1
serial
M2
preferred
3
2 STREAMING 0 16 2 4 1 0 0 3915353751 881904508 none
1
serial
K128
preferred
2
5 STRIDED 0 16 4 2 2 64 0 3724902508 2910436610 recall
1
serial
K2
preferred
3
1 IRREGULAR 0 16 2 4 4 0 0 3516117953 2699208033 recall
7
1
serial
K4
preferred
1
3 STREAMING 0 64 1 2 1 0 0 3040195270 718595537 none
1
serial
K1
preferred
2
4 IRREGULAR 4 32 2 1 2 0 0 3901125750 2181199866 none
1
serial
K16
preferred
1
5 STRIDED 0 16 4 2 2 64 0 2290415706 105369794 full
1
serial
K4
preferred
3
0 STRIDED 0 16 4 4 2 256 0 324782068 2068329498 full
1
serial
K4
preferred
3
2 STREAMING 0 16 2 4 1 0 0 3340065073 1230699874 llc
1
serial
K2
preferred
1
1 IRREGULAR 0 16 2 4 4 0 0 876586631 1016201793 llc
1
serial
K2
preferred
2
6 STREAMING 0 64 4 1 1 0 0 633953005 3466260242 none
7
1
serial
K32
lloaded
1
1 IRREGULAR 0 16 2 4 4 0 0 2202519976 2527750709 none
1
serial
K128
lloaded
2
4 IRREGULAR 4 32 2 1 2 0 0 109257327 658713323 llc
1
serial
K128
lloaded
2
2 STREAMING 0 16 2 4 1 0 0 1974782669 2405276786 full
1
serial
K32
lloaded
3
5 STRIDED 0 16 4 2 2 64 0 1597984773 1041928705 recall
1
serial
K128
lloaded
3
3 STREAMING 0 64 1 2 1 0 0 3470225863 2426679747 none
1
serial
K32
lloaded
2
6 STREAMING 0 64 4 1 1 0 0 866551872 2745812152 none
1
serial
K32
lloaded
3
0 STRIDED 0 16 4 4 2 256 0 1176413119 684110851 none
7
1
serial
K256
lutil
1
1 IRREGULAR 0 16 2 4 4 0 0 782687443 2713711556 recall
1
serial
K256
lutil
2
0 STRIDED 0 16 4 4 2 256 0 2927328096 2737388060 full
1
serial
K256
lutil
2
6 STREAMING 0 64 4 1 1 0 0 4183071845 4259996044 recall
1
serial
K256
lutil
3
2 STREAMING 0 16 2 4 1 0 0 1708531755 3884710471 none
1
serial
K512
lutil
1
5 STRIDED 0 16 4 2 2 64 0 1807154769 1521399122 full
1
serial
K256
lutil
1
3 STREAMING 0 64 1 2 1 0 0 2969121266 2353504434 none
1
serial
K512
lutil
2
4 IRREGULAR 4 32 2 1 2 0 0 4246239009 2697620683 llc
7
1
serial
M1
lloaded
1
5 STRIDED 0 16 4 2 2 64 0 1290071123 1451882576 none
1
serial
M4
lloaded
2
4 IRREGULAR 4 32 2 1 2 0 0 2484823165 1964107570 recall
1
serial
M1
lloaded
2
3 STREAMING 0 64 1 2 1 0 0 3081347805 3745697649 none
1
serial
M4
lloaded
2
0 STRIDED 0 16 4 4 2 256 0 754549920 2918476912 recall
1
serial
M2
lloaded
1
1 IRREGULAR 0 16 2 4 4 0 0 1726285544 3923183913 recall
1
serial
M4
lloaded
1
6 STREAMING 0 64 4 1 1 0 0 4143194738 634214527 full
1
serial
M2
lloaded
3
2 STREAMING 0 16 2 4 1 0 0 1119301773 2741971521 recall
7
1
serial
K8
lutil
3
4 IRREGULAR 4 32 2 1 2 0 0 2845625292 1212185891 full
1
serial
M4
lutil
3
2 STREAMING 0 16 2 4 1 0 0 289079936 2906559783 full
1
serial
K4
lutil
1
3 STREAMING 0 64 1 2 1 0 0 1117282957 184945716 llc
1
serial
K8
lutil
2
5 STRIDED 0 16 4 2 2 64 0 3650488915 857344922 full
1
serial
M2
lutil
1
0 STRIDED 0 16 4 4 2 256 0 3739074856 2154223912 full
1
serial
M4
lutil
1
1 IRREGULAR 0 16 2 4 4 0 0 1951215319 2015638034 llc
1
serial
K128
lutil
2
6 STREAMING 0 64 4 1 1 0 0 1805358231 4029597238 recall
