40
1
2
serial
K4
preferred
2
5 STREAMING 0 32 4 4 4 0 0 1568520435 1044305275 none
7 STREAMING 0 8 1 1 4 0 0 1016903679 1568520435 recall
1
5
serial
K128
preferred
3
5 STREAMING 0 32 4 4 4 0 0 776065834 2418220172 recall
7 STREAMING 0 8 1 1 4 0 0 2518391346 776065834 recall
6 STRIDED 0 16 2 4 2 512 0 223182031 2518391346 recall
3 STREAMING 0 4 4 2 1 0 0 3252067202 223182031 none
9 STREAMING 0 32 2 4 4 0 0 567560640 3252067202 recall
1
4
serial
K512
lutil
1
11 IRREGULAR 0 8 4 1 1 0 0 4247448 657018804 none
9 STREAMING 0 32 2 4 4 0 0 4294337372 4247448 llc
6 STRIDED 0 16 2 4 2 512 0 630505900 4294337372 recall
0 IRREGULAR 1 8 4 2 4 0 0 2113199826 630505900 full
1
10
serial
M4
lloaded
1
5 STREAMING 0 32 4 4 4 0 0 3523139855 682509652 none
7 STREAMING 0 8 1 1 4 0 0 1032957923 3523139855 llc
0 IRREGULAR 1 8 4 2 4 0 0 3457487512 1032957923 full
1 STREAMING 0 64 1 4 2 0 0 3913443332 3457487512 none
11 IRREGULAR 0 8 4 1 1 0 0 1346161017 3913443332 llc
2 STREAMING 0 64 2 4 2 0 0 437777440 1346161017 none
6 STRIDED 0 16 2 4 2 512 0 1049051362 437777440 none
3 STREAMING 0 4 4 2 1 0 0 4102280372 1049051362 none
8 STRIDED 0 32 2 2 1 256 0 365082668 4102280372 recall
4 IRREGULAR 0 64 4 4 1 0 0 3917079156 365082668 none
1
5
serial
K256
lutil
1
2 STREAMING 0 64 2 4 2 0 0 2616388203 3402015560 none
3 STREAMING 0 4 4 2 1 0 0 3518388326 2616388203 llc
7 STREAMING 0 8 1 1 4 0 0 3269932134 3518388326 full
8 STRIDED 0 32 2 2 1 256 0 4010282302 3269932134 llc
10 STRIDED 0 8 1 4 4 256 0 4140507029 4010282302 full
2
1
serial
K1
lloaded
1
2 STREAMING 0 64 2 4 2 0 0 457263655 2838642395 recall
1
serial
K1
lloaded
3
1 STREAMING 0 64 1 4 2 0 0 2035459189 790205780 llc
2
2
serial
K32
balanced
1
0 IRREGULAR 1 8 4 2 4 0 0 1489956024 3844272670 recall
11 IRREGULAR 0 8 4 1 1 0 0 1350797189 1489956024 full
6
serial
K64
balanced
1
3 STREAMING 0 4 4 2 1 0 0 524637008 2869866307 none
9 STREAMING 0 32 2 4 4 0 0 873181834 524637008 llc
4 IRREGULAR 0 64 4 4 1 0 0 934830514 873181834 none
5 STREAMING 0 32 4 4 4 0 0 1285310308 934830514 none
6 STRIDED 0 16 2 4 2 512 0 1523404317 1285310308 recall
7 STREAMING 0 8 1 1 4 0 0 2455140933 1523404317 none
2
1
serial
K512
preferred
2
4 IRREGULAR 0 64 4 4 1 0 0 1049684752 2535443592 recall
1
serial
K256
preferred
1
2 STREAMING 0 64 2 4 2 0 0 2530587559 2773444663 none
2
8
serial
M4
preferred
1
5 STREAMING 0 32 4 4 4 0 0 969146051 2767704075 none
3 STREAMING 0 4 4 2 1 0 0 1730575117 969146051 none
4 IRREGULAR 0 64 4 4 1 0 0 1817611529 1730575117 recall
10 STRIDED 0 8 1 4 4 256 0 403465312 1817611529 full
2 STREAMING 0 64 2 4 2 0 0 4117484827 403465312 full
6 STRIDED 0 16 2 4 2 512 0 3307418217 4117484827 none
8 STRIDED 0 32 2 2 1 256 0 2046745992 3307418217 llc
0 IRREGULAR 1 8 4 2 4 0 0 3088583609 2046745992 llc
1
serial
M1
preferred
3
11 IRREGULAR 0 8 4 1 1 0 0 1223117295 3440714685 llc
2
5
serial
M4
balanced
1
1 STREAMING 0 64 1 4 2 0 0 4224476111 1867512905 none
11 IRREGULAR 0 8 4 1 1 0 0 3454326664 4224476111 recall
8 STRIDED 0 32 2 2 1 256 0 2634747115 3454326664 recall
5 STREAMING 0 32 4 4 4 0 0 3725266196 2634747115 none
9 STREAMING 0 32 2 4 4 0 0 4165135039 3725266196 llc
3
serial
K512
balanced
3
6 STRIDED 0 16 2 4 2 512 0 1557518082 1134221968 full
0 IRREGULAR 1 8 4 2 4 0 0 76247407 1557518082 llc
3 STREAMING 0 4 4 2 1 0 0 2154190986 76247407 none
3
1
serial
K1
preferred
3
3 STREAMING 0 4 4 2 1 0 0 3797561131 3596851423 llc
2
serial
K1
preferred
2
4 IRREGULAR 0 64 4 4 1 0 0 1373256371 3745344661 llc
7 STREAMING 0 8 1 1 4 0 0 3772066078 1373256371 none
3
serial
K8
preferred
2
5 STREAMING 0 32 4 4 4 0 0 3867874834 2034833595 llc
6 STRIDED 0 16 2 4 2 512 0 1133313214 3867874834 full
1 STREAMING 0 64 1 4 2 0 0 2768381459 1133313214 none
3
3
serial
K64
balanced
3
10 STRIDED 0 8 1 4 4 256 0 2618646696 753908325 recall
6 STRIDED 0 16 2 4 2 512 0 3735549197 2618646696 llc
0 IRREGULAR 1 8 4 2 4 0 0 1362775528 3735549197 recall
4
serial
K128
balanced
1
2 STREAMING 0 64 2 4 2 0 0 4258810880 3695536213 llc
1 STREAMING 0 64 1 4 2 0 0 3937155016 4258810880 recall
9 STREAMING 0 32 2 4 4 0 0 224532890 3937155016 recall
11 IRREGULAR 0 8 4 1 1 0 0 1868894590 224532890 full
1
serial
K128
balanced
3
8 STRIDED 0 32 2 2 1 256 0 2230634735 3627460498 recall
3
2
serial
K256
preferred
1
4 IRREGULAR 0 64 4 4 1 0 0 171078037 1451816798 full
7 STREAMING 0 8 1 1 4 0 0 3259655159 171078037 none
2
serial
K256
preferred
1
11 IRREGULAR 0 8 4 1 1 0 0 564441202 3880492812 recall
10 STRIDED 0 8 1 4 4 256 0 742054731 564441202 recall
3
serial
K256
preferred
3
3 STREAMING 0 4 4 2 1 0 0 1508819055 2447699727 llc
1 STREAMING 0 64 1 4 2 0 0 4149372429 1508819055 full
2 STREAMING 0 64 2 4 2 0 0 206080498 4149372429 recall
3
10
serial
M1
balanced
2
4 IRREGULAR 0 64 4 4 1 0 0 1064177188 3611615559 recall
6 STRIDED 0 16 2 4 2 512 0 4048384833 1064177188 recall
11 IRREGULAR 0 8 4 1 1 0 0 682083592 4048384833 llc
8 STRIDED 0 32 2 2 1 256 0 507419431 682083592 none
1 STREAMING 0 64 1 4 2 0 0 2318180967 507419431 llc
0 IRREGULAR 1 8 4 2 4 0 0 204478213 2318180967 full
2 STREAMING 0 64 2 4 2 0 0 1228387702 204478213 none
5 STREAMING 0 32 4 4 4 0 0 368270037 1228387702 llc
3 STREAMING 0 4 4 2 1 0 0 1828866399 368270037 full
9 STREAMING 0 32 2 4 4 0 0 1786009228 1828866399 none
1
serial
M4
balanced
3
7 STREAMING 0 8 1 1 4 0 0 1782455498 1602839601 full
1
serial
M1
balanced
1
10 STRIDED 0 8 1 4 4 256 0 2183537596 1980914470 none
3
1
serial
K64
lloaded
3
9 STREAMING 0 32 2 4 4 0 0 4047552909 1572487308 full
3
serial
K16
lloaded
3
10 STRIDED 0 8 1 4 4 256 0 2469453391 2475256732 none
6 STRIDED 0 16 2 4 2 512 0 600801659 2469453391 full
7 STREAMING 0 8 1 1 4 0 0 3721295506 600801659 none
2
serial
K8
lloaded
2
1 STREAMING 0 64 1 4 2 0 0 1112777450 947117404 recall
3 STREAMING 0 4 4 2 1 0 0 1336871656 1112777450 full
4
2
serial
K16
preferred
2
10 STRIDED 0 8 1 4 4 256 0 2029363798 3042975183 none
0 IRREGULAR 1 8 4 2 4 0 0 2912052329 2029363798 recall
4
serial
K8
preferred
2
7 STREAMING 0 8 1 1 4 0 0 59909364 4020811447 llc
11 IRREGULAR 0 8 4 1 1 0 0 3766894956 59909364 none
2 STREAMING 0 64 2 4 2 0 0 538037936 3766894956 recall
4 IRREGULAR 0 64 4 4 1 0 0 3805368051 538037936 llc
1
serial
K2
preferred
1
9 STREAMING 0 32 2 4 4 0 0 3910264178 4240229018 llc
2
serial
K16
preferred
2
3 STREAMING 0 4 4 2 1 0 0 1686296331 1954934335 none
6 STRIDED 0 16 2 4 2 512 0 506712761 1686296331 recall
4
5
serial
K128
lloaded
3
4 IRREGULAR 0 64 4 4 1 0 0 2973834469 3178648031 recall
9 STREAMING 0 32 2 4 4 0 0 2279778949 2973834469 none
11 IRREGULAR 0 8 4 1 1 0 0 2498526648 2279778949 full
3 STREAMING 0 4 4 2 1 0 0 4258020534 2498526648 none
7 STREAMING 0 8 1 1 4 0 0 3105541995 4258020534 llc
2
serial
K32
lloaded
3
6 STRIDED 0 16 2 4 2 512 0 2487885398 4067708415 full
0 IRREGULAR 1 8 4 2 4 0 0 1019015987 2487885398 none
1
serial
K64
lloaded
3
1 STREAMING 0 64 1 4 2 0 0 515911792 2188799394 recall
2
serial
K32
lloaded
2
8 STRIDED 0 32 2 2 1 256 0 108231935 1804931789 recall
5 STREAMING 0 32 4 4 4 0 0 438387357 108231935 none
4
2
serial
K256
balanced
3
5 STREAMING 0 32 4 4 4 0 0 1817623781 1219885778 full
6 STRIDED 0 16 2 4 2 512 0 1051134764 1817623781 none
2
serial
K512
balanced
1
2 STREAMING 0 64 2 4 2 0 0 4164287292 2583368270 llc
9 STREAMING 0 32 2 4 4 0 0 310957201 4164287292 full
6
serial
K256
balanced
3
3 STREAMING 0 4 4 2 1 0 0 2659630782 2725780354 none
4 IRREGULAR 0 64 4 4 1 0 0 2340819558 2659630782 none
8 STRIDED 0 32 2 2 1 256 0 767585495 2340819558 full
1 STREAMING 0 64 1 4 2 0 0 1928952651 767585495 recall
10 STRIDED 0 8 1 4 4 256 0 1897083061 1928952651 full
0 IRREGULAR 1 8 4 2 4 0 0 3988505334 1897083061 none
2
serial
K256
balanced
1
7 STREAMING 0 8 1 1 4 0 0 1622126349 3314625466 recall
11 IRREGULAR 0 8 4 1 1 0 0 1689180400 1622126349 llc
4
6
serial
M2
lutil
3
0 IRREGULAR 1 8 4 2 4 0 0 3228842623 1771849772 llc
5 STREAMING 0 32 4 4 4 0 0 2629725307 3228842623 llc
7 STREAMING 0 8 1 1 4 0 0 3908703607 2629725307 recall
11 IRREGULAR 0 8 4 1 1 0 0 2718143020 3908703607 llc
10 STRIDED 0 8 1 4 4 256 0 460673732 2718143020 none
1 STREAMING 0 64 1 4 2 0 0 3967893874 460673732 none
3
serial
M4
lutil
3
4 IRREGULAR 0 64 4 4 1 0 0 1445251990 3142119835 recall
2 STREAMING 0 64 2 4 2 0 0 811868233 1445251990 full
8 STRIDED 0 32 2 2 1 256 0 369094579 811868233 recall
2
serial
M4
lutil
1
6 STRIDED 0 16 2 4 2 512 0 4260747070 2437793927 none
3 STREAMING 0 4 4 2 1 0 0 2173399318 4260747070 none
1
serial
M4
lutil
1
9 STREAMING 0 32 2 4 4 0 0 2271279802 4040408331 llc
4
4
serial
K256
preferred
3
8 STRIDED 0 32 2 2 1 256 0 662860762 3731008825 full
9 STREAMING 0 32 2 4 4 0 0 313524924 662860762 llc
11 IRREGULAR 0 8 4 1 1 0 0 209324552 313524924 full
7 STREAMING 0 8 1 1 4 0 0 3077946680 209324552 none
1
serial
K4
preferred
2
1 STREAMING 0 64 1 4 2 0 0 3849719199 2240909911 recall
2
serial
K4
preferred
1
4 IRREGULAR 0 64 4 4 1 0 0 652270427 3160048203 recall
6 STRIDED 0 16 2 4 2 512 0 3025108115 652270427 full
1
serial
K2
preferred
3
2 STREAMING 0 64 2 4 2 0 0 1563029381 1707124089 recall
6
1
serial
K1
preferred
3
4 IRREGULAR 0 64 4 4 1 0 0 2539629279 1555425616 llc
2
serial
K8
preferred
2
2 STREAMING 0 64 2 4 2 0 0 411238675 3686311531 llc
1 STREAMING 0 64 1 4 2 0 0 2964977304 411238675 none
1
serial
K2
preferred
1
8 STRIDED 0 32 2 2 1 256 0 3135790991 4257249356 full
1
serial
K4
preferred
1
3 STREAMING 0 4 4 2 1 0 0 3549093726 1213484844 none
2
serial
K16
preferred
1
5 STREAMING 0 32 4 4 4 0 0 3405460264 2720936136 none
7 STREAMING 0 8 1 1 4 0 0 916004244 3405460264 full
1
serial
K2
preferred
1
11 IRREGULAR 0 8 4 1 1 0 0 2475676554 2586180874 recall
6
3
serial
K128
lloaded
2
7 STREAMING 0 8 1 1 4 0 0 3137738833 2845949627 none
0 IRREGULAR 1 8 4 2 4 0 0 229601399 3137738833 recall
11 IRREGULAR 0 8 4 1 1 0 0 2314789693 229601399 none
1
serial
K32
lloaded
1
2 STREAMING 0 64 2 4 2 0 0 1853397157 1699864114 llc
1
serial
K32
lloaded
3
5 STREAMING 0 32 4 4 4 0 0 3936757065 1695065921 recall
3
serial
K128
lloaded
1
10 STRIDED 0 8 1 4 4 256 0 2967416827 3797950188 none
1 STREAMING 0 64 1 4 2 0 0 360382252 2967416827 full
4 IRREGULAR 0 64 4 4 1 0 0 380576949 360382252 recall
1
serial
K64
lloaded
2
3 STREAMING 0 4 4 2 1 0 0 3890413848 2314392090 llc
1
serial
K128
lloaded
1
6 STRIDED 0 16 2 4 2 512 0 1827188660 612450769 recall
6
1
serial
K256
lloaded
2
9 STREAMING 0 32 2 4 4 0 0 1786875732 2109579360 llc
7
serial
K512
lloaded
3
3 STREAMING 0 4 4 2 1 0 0 1578700174 2038976753 none
7 STREAMING 0 8 1 1 4 0 0 1278398665 1578700174 full
8 STRIDED 0 32 2 2 1 256 0 2185503413 1278398665 full
10 STRIDED 0 8 1 4 4 256 0 1497296148 2185503413 recall
5 STREAMING 0 32 4 4 4 0 0 208984535 1497296148 full
0 IRREGULAR 1 8 4 2 4 0 0 3837188186 208984535 full
11 IRREGULAR 0 8 4 1 1 0 0 1712927656 3837188186 none
1
serial
K256
lloaded
2
2 STREAMING 0 64 2 4 2 0 0 2696975561 3082208418 none
1
serial
K256
lloaded
3
1 STREAMING 0 64 1 4 2 0 0 614241191 332944265 llc
1
serial
K256
lloaded
1
4 IRREGULAR 0 64 4 4 1 0 0 2159732413 88957389 full
1
serial
K256
lloaded
2
6 STRIDED 0 16 2 4 2 512 0 1313740001 2513955441 none
6
7
serial
M1
preferred
2
1 STREAMING 0 64 1 4 2 0 0 688170740 1250221841 full
2 STREAMING 0 64 2 4 2 0 0 435776555 688170740 none
11 IRREGULAR 0 8 4 1 1 0 0 1157657103 435776555 full
10 STRIDED 0 8 1 4 4 256 0 1693873480 1157657103 llc
5 STREAMING 0 32 4 4 4 0 0 1118300335 1693873480 recall
7 STREAMING 0 8 1 1 4 0 0 414726850 1118300335 llc
0 IRREGULAR 1 8 4 2 4 0 0 3722838852 414726850 llc
1
serial
M1
preferred
2
3 STREAMING 0 4 4 2 1 0 0 2294517212 2773758613 recall
1
serial
M2
preferred
3
6 STRIDED 0 16 2 4 2 512 0 3317144863 4140606731 none
1
serial
M2
preferred
1
8 STRIDED 0 32 2 2 1 256 0 682632428 3302097779 full
1
serial
M1
preferred
1
4 IRREGULAR 0 64 4 4 1 0 0 1082531780 307615607 none
1
serial
M2
preferred
3
9 STREAMING 0 32 2 4 4 0 0 1930243578 3240539432 recall
6
3
serial
K16
preferred
3
9 STREAMING 0 32 2 4 4 0 0 2522693751 516053541 recall
2 STREAMING 0 64 2 4 2 0 0 658483016 2522693751 llc
3 STREAMING 0 4 4 2 1 0 0 4213088190 658483016 none
4
serial
K4
preferred
1
6 STRIDED 0 16 2 4 2 512 0 2563544305 849399667 llc
8 STRIDED 0 32 2 2 1 256 0 4120333096 2563544305 llc
1 STREAMING 0 64 1 4 2 0 0 344291215 4120333096 llc
10 STRIDED 0 8 1 4 4 256 0 2632040288 344291215 full
1
serial
K128
preferred
1
7 STREAMING 0 8 1 1 4 0 0 1148145879 1511516439 llc
1
serial
K64
preferred
1
5 STREAMING 0 32 4 4 4 0 0 3731858531 2662033439 llc
1
serial
K4
preferred
1
0 IRREGULAR 1 8 4 2 4 0 0 3322775011 1756074361 none
1
serial
K16
preferred
3
11 IRREGULAR 0 8 4 1 1 0 0 1272019726 1526451555 full
8
2
serial
K2
preferred
2
11 IRREGULAR 0 8 4 1 1 0 0 966289569 2024288150 recall
4 IRREGULAR 0 64 4 4 1 0 0 974217738 966289569 none
1
serial
K2
preferred
2
5 STREAMING 0 32 4 4 4 0 0 2278507877 563539337 none
1
serial
K2
preferred
3
6 STRIDED 0 16 2 4 2 512 0 1091135290 3686021359 recall
1
serial
K16
preferred
1
2 STREAMING 0 64 2 4 2 0 0 1412047660 4077916566 llc
1
serial
K16
preferred
3
10 STRIDED 0 8 1 4 4 256 0 219406618 3362736472 llc
1
serial
K4
preferred
3
3 STREAMING 0 4 4 2 1 0 0 3536535997 2927601802 full
1
serial
K2
preferred
1
1 STREAMING 0 64 1 4 2 0 0 772513215 2139647827 recall
1
serial
K4
preferred
3
8 STRIDED 0 32 2 2 1 256 0 644180792 2647154143 recall
8
5
serial
K32
lutil
3
1 STREAMING 0 64 1 4 2 0 0 1090757846 1289813511 recall
10 STRIDED 0 8 1 4 4 256 0 2288386917 1090757846 full
2 STREAMING 0 64 2 4 2 0 0 2621683560 2288386917 none
8 STRIDED 0 32 2 2 1 256 0 3600901687 2621683560 llc
4 IRREGULAR 0 64 4 4 1 0 0 178976857 3600901687 none
1
serial
K128
lutil
3
5 STREAMING 0 32 4 4 4 0 0 4281842523 4048833310 full
1
serial
K64
lutil
3
9 STREAMING 0 32 2 4 4 0 0 2218657465 1100438395 llc
1
serial
K64
lutil
1
11 IRREGULAR 0 8 4 1 1 0 0 3471958457 891297297 recall
1
serial
K64
lutil
3
7 STREAMING 0 8 1 1 4 0 0 4046629196 386723831 full
1
serial
K128
lutil
1
0 IRREGULAR 1 8 4 2 4 0 0 1036997379 1982355658 recall
1
serial
K128
lutil
3
3 STREAMING 0 4 4 2 1 0 0 4263979449 34746179 recall
1
serial
K32
lutil
2
6 STRIDED 0 16 2 4 2 512 0 4087110040 891320670 none
8
3
serial
K256
preferred
3
5 STREAMING 0 32 4 4 4 0 0 2315906576 3898991169 none
9 STREAMING 0 32 2 4 4 0 0 3225686095 2315906576 recall
7 STREAMING 0 8 1 1 4 0 0 2169444114 3225686095 none
3
serial
K256
preferred
2
10 STRIDED 0 8 1 4 4 256 0 2298430223 394565956 full
8 STRIDED 0 32 2 2 1 256 0 3321540138 2298430223 llc
1 STREAMING 0 64 1 4 2 0 0 519970735 3321540138 llc
1
serial
K256
preferred
3
2 STREAMING 0 64 2 4 2 0 0 549468788 529549119 full
1
serial
K256
preferred
3
3 STREAMING 0 4 4 2 1 0 0 410789138 2551460813 llc
1
serial
K256
preferred
1
6 STRIDED 0 16 2 4 2 512 0 197269816 2834014036 none
1
serial
K512
preferred
2
4 IRREGULAR 0 64 4 4 1 0 0 2638345544 349211244 llc
1
serial
K512
preferred
1
11 IRREGULAR 0 8 4 1 1 0 0 795816602 1416517480 llc
1
serial
K256
preferred
2
0 IRREGULAR 1 8 4 2 4 0 0 456361065 3113797617 recall
8
3
serial
M2
lutil
3
9 STREAMING 0 32 2 4 4 0 0 4103767692 4209287424 full
3 STREAMING 0 4 4 2 1 0 0 668417586 4103767692 recall
6 STRIDED 0 16 2 4 2 512 0 2257710092 668417586 llc
3
serial
M1
lutil
1
8 STRIDED 0 32 2 2 1 256 0 20053955 1199489364 full
5 STREAMING 0 32 4 4 4 0 0 916727211 20053955 recall
11 IRREGULAR 0 8 4 1 1 0 0 873573495 916727211 recall
1
serial
M1
lutil
3
0 IRREGULAR 1 8 4 2 4 0 0 3527008481 3711996552 none
1
serial
M4
lutil
2
10 STRIDED 0 8 1 4 4 256 0 1059868953 2410695873 llc
1
serial
M4
lutil
1
2 STREAMING 0 64 2 4 2 0 0 2117763321 327750638 llc
1
serial
M4
lutil
1
7 STREAMING 0 8 1 1 4 0 0 3297337439 4170640719 recall
1
serial
M4
lutil
1
1 STREAMING 0 64 1 4 2 0 0 526717277 227340567 recall
1
serial
M1
lutil
3
4 IRREGULAR 0 64 4 4 1 0 0 2231107559 2092449779 none
8
5
serial
K512
lutil
3
8 STRIDED 0 32 2 2 1 256 0 3910596857 4048777051 full
0 IRREGULAR 1 8 4 2 4 0 0 1840865027 3910596857 recall
6 STRIDED 0 16 2 4 2 512 0 2356470732 1840865027 full
3 STREAMING 0 4 4 2 1 0 0 1775881951 2356470732 llc
2 STREAMING 0 64 2 4 2 0 0 1131294493 1775881951 none
1
serial
M1
lutil
1
5 STREAMING 0 32 4 4 4 0 0 1082794619 4117491314 llc
1
serial
K64
lutil
1
4 IRREGULAR 0 64 4 4 1 0 0 1316993184 1010142252 none
1
serial
K128
lutil
2
11 IRREGULAR 0 8 4 1 1 0 0 3953079065 2522390800 llc
1
serial
K32
lutil
2
10 STRIDED 0 8 1 4 4 256 0 2202250778 1934100035 recall
1
serial
K16
lutil
1
9 STREAMING 0 32 2 4 4 0 0 2049017892 945459151 full
1
serial
K4
lutil
2
1 STREAMING 0 64 1 4 2 0 0 1911320218 676855354 recall
1
serial
K4
lutil
1
7 STREAMING 0 8 1 1 4 0 0 114629815 785120839 llc
10
2
serial
K16
lutil
3
9 STREAMING 0 32 2 4 4 0 0 2152427123 2208406940 recall
1 STREAMING 0 64 1 4 2 0 0 885146706 2152427123 recall
2
serial
K1
lutil
1
8 STRIDED 0 32 2 2 1 256 0 3452506667 2646116219 recall
3 STREAMING 0 4 4 2 1 0 0 4293111176 3452506667 full
1
serial
K1
lutil
1
5 STREAMING 0 32 4 4 4 0 0 3573195867 3681709776 none
1
serial
K2
lutil
3
7 STREAMING 0 8 1 1 4 0 0 1260200525 3417655992 recall
1
serial
K2
lutil
2
6 STRIDED 0 16 2 4 2 512 0 2998976290 2038879252 llc
1
serial
K8
lutil
2
10 STRIDED 0 8 1 4 4 256 0 373601560 2384244426 none
1
serial
K1
lutil
2
2 STREAMING 0 64 2 4 2 0 0 691238960 2216010430 llc
1
serial
K16
lutil
1
0 IRREGULAR 1 8 4 2 4 0 0 1462337500 693441867 recall
1
serial
K16
lutil
2
11 IRREGULAR 0 8 4 1 1 0 0 356538055 2566063037 full
1
serial
K2
lutil
2
4 IRREGULAR 0 64 4 4 1 0 0 4007488698 2772741372 llc
10
3
serial
K64
balanced
3
0 IRREGULAR 1 8 4 2 4 0 0 449374748 544175566 full
8 STRIDED 0 32 2 2 1 256 0 2544733019 449374748 full
11 IRREGULAR 0 8 4 1 1 0 0 3940445921 2544733019 llc
1
serial
K32
balanced
1
1 STREAMING 0 64 1 4 2 0 0 1990891675 3125494147 recall
1
serial
K128
balanced
1
6 STRIDED 0 16 2 4 2 512 0 4199641070 410157525 none
1
serial
K64
balanced
1
5 STREAMING 0 32 4 4 4 0 0 2696205104 651315177 llc
1
serial
K128
balanced
2
3 STREAMING 0 4 4 2 1 0 0 63410514 1519413533 llc
1
serial
K32
balanced
3
4 IRREGULAR 0 64 4 4 1 0 0 3800919628 784294665 llc
1
serial
K64
balanced
1
7 STREAMING 0 8 1 1 4 0 0 107925843 3534827315 recall
1
serial
K64
balanced
2
2 STREAMING 0 64 2 4 2 0 0 3052502941 1183458767 none
1
serial
K64
balanced
1
9 STREAMING 0 32 2 4 4 0 0 1611024505 1498340270 none
1
serial
K64
balanced
2
10 STRIDED 0 8 1 4 4 256 0 451406010 103899123 full
10
2
serial
K256
lloaded
3
10 STRIDED 0 8 1 4 4 256 0 588590527 3219207428 recall
7 STREAMING 0 8 1 1 4 0 0 2228326549 588590527 llc
1
serial
K512
lloaded
3
5 STREAMING 0 32 4 4 4 0 0 2412332474 3996689365 none
1
serial
K256
lloaded
2
8 STRIDED 0 32 2 2 1 256 0 672791359 1185745607 none
2
serial
K512
lloaded
2
9 STREAMING 0 32 2 4 4 0 0 805343203 693341710 none
3 STREAMING 0 4 4 2 1 0 0 1848407052 805343203 llc
1
serial
K512
lloaded
1
1 STREAMING 0 64 1 4 2 0 0 2679247961 3879362537 recall
1
serial
K256
lloaded
1
2 STREAMING 0 64 2 4 2 0 0 259405974 21510866 full
1
serial
K512
lloaded
1
4 IRREGULAR 0 64 4 4 1 0 0 3802057409 2312296902 full
1
serial
K512
lloaded
1
6 STRIDED 0 16 2 4 2 512 0 1021107062 141367051 full
1
serial
K512
lloaded
3
11 IRREGULAR 0 8 4 1 1 0 0 3025474582 63460475 full
1
serial
K512
lloaded
3
0 IRREGULAR 1 8 4 2 4 0 0 3901633669 3607614738 recall
10
2
serial
M1
balanced
2
1 STREAMING 0 64 1 4 2 0 0 1671353607 2753285112 full
8 STRIDED 0 32 2 2 1 256 0 3305993920 1671353607 llc
2
serial
M4
balanced
3
3 STREAMING 0 4 4 2 1 0 0 627940261 2644431009 recall
2 STREAMING 0 64 2 4 2 0 0 285027951 627940261 recall
1
serial
M4
balanced
3
7 STREAMING 0 8 1 1 4 0 0 4162838951 2197551817 full
1
serial
M4
balanced
2
4 IRREGULAR 0 64 4 4 1 0 0 2558570155 3278438149 llc
1
serial
M2
balanced
2
5 STREAMING 0 32 4 4 4 0 0 554956575 524861412 recall
1
serial
M2
balanced
1
6 STRIDED 0 16 2 4 2 512 0 888199738 1379482699 full
1
serial
M1
balanced
1
11 IRREGULAR 0 8 4 1 1 0 0 3440752113 3049590401 none
1
serial
M1
balanced
1
9 STREAMING 0 32 2 4 4 0 0 1177164044 113166483 llc
1
serial
M1
balanced
3
10 STRIDED 0 8 1 4 4 256 0 3884087723 2449601976 full
1
serial
M4
balanced
2
0 IRREGULAR 1 8 4 2 4 0 0 2163495283 1141256825 llc
10
2
serial
K128
balanced
3
11 IRREGULAR 0 8 4 1 1 0 0 879364333 1216039508 full
7 STREAMING 0 8 1 1 4 0 0 3662556126 879364333 llc
1
serial
K512
balanced
1
10 STRIDED 0 8 1 4 4 256 0 1648517844 3493686738 recall
2
serial
K128
balanced
1
8 STRIDED 0 32 2 2 1 256 0 2787512481 3911020230 llc
2 STREAMING 0 64 2 4 2 0 0 1950835961 2787512481 none
1
serial
K512
balanced
3
9 STREAMING 0 32 2 4 4 0 0 2819884610 141582163 llc
1
serial
K8
balanced
3
1 STREAMING 0 64 1 4 2 0 0 174740674 561984711 recall
1
serial
K512
balanced
1
6 STRIDED 0 16 2 4 2 512 0 990458320 521134318 recall
1
serial
M2
balanced
3
0 IRREGULAR 1 8 4 2 4 0 0 1949623154 1344166364 llc
1
serial
K128
balanced
1
4 IRREGULAR 0 64 4 4 1 0 0 246364367 1035032449 recall
1
serial
K8
balanced
3
5 STREAMING 0 32 4 4 4 0 0 4282600321 3779676989 none
1
serial
K64
balanced
3
3 STREAMING 0 4 4 2 1 0 0 3233437381 4039782217 llc
12
1
serial
K16
preferred
3
0 IRREGULAR 1 8 4 2 4 0 0 475851252 1352433589 full
1
serial
K8
preferred
2
3 STREAMING 0 4 4 2 1 0 0 2241483268 1226437114 llc
1
serial
K4
preferred
3
6 STRIDED 0 16 2 4 2 512 0 896437998 1810985082 recall
1
serial
K4
preferred
1
8 STRIDED 0 32 2 2 1 256 0 3292053772 213244750 none
1
serial
K8
preferred
2
5 STREAMING 0 32 4 4 4 0 0 847183614 3918985682 recall
1
serial
K8
preferred
2
9 STREAMING 0 32 2 4 4 0 0 1404423759 959857659 recall
1
serial
K1
preferred
1
11 IRREGULAR 0 8 4 1 1 0 0 4175305388 2103665405 llc
1
serial
K2
preferred
2
1 STREAMING 0 64 1 4 2 0 0 3448619099 161536813 recall
1
serial
K8
preferred
1
7 STREAMING 0 8 1 1 4 0 0 2304930009 3849260811 recall
1
serial
K8
preferred
3
2 STREAMING 0 64 2 4 2 0 0 2593158265 3321738768 full
1
serial
K4
preferred
3
10 STRIDED 0 8 1 4 4 256 0 524439320 2142127500 llc
1
serial
K16
preferred
1
4 IRREGULAR 0 64 4 4 1 0 0 4272991203 1772729155 llc
12
1
serial
K32
lutil
2
6 STRIDED 0 16 2 4 2 512 0 1767180896 2319290490 none
1
serial
K128
lutil
2
9 STREAMING 0 32 2 4 4 0 0 512647347 3057730039 recall
1
serial
K64
lutil
3
8 STRIDED 0 32 2 2 1 256 0 3616871994 4188624385 full
1
serial
K128
lutil
2
10 STRIDED 0 8 1 4 4 256 0 4109722705 2809955626 llc
1
serial
K32
lutil
2
0 IRREGULAR 1 8 4 2 4 0 0 743673113 354407348 full
1
serial
K64
lutil
2
5 STREAMING 0 32 4 4 4 0 0 1810807647 312261049 recall
1
serial
K64
lutil
1
1 STREAMING 0 64 1 4 2 0 0 3996613173 3672550512 recall
1
serial
K128
lutil
3
2 STREAMING 0 64 2 4 2 0 0 1886226181 2775571495 recall
1
serial
K128
lutil
1
3 STREAMING 0 4 4 2 1 0 0 3120089303 575750831 none
1
serial
K32
lutil
2
4 IRREGULAR 0 64 4 4 1 0 0 167617137 1024777078 llc
1
serial
K128
lutil
2
11 IRREGULAR 0 8 4 1 1 0 0 3822371588 1168456579 none
1
serial
K32
lutil
1
7 STREAMING 0 8 1 1 4 0 0 2830892633 3757201856 full
12
1
serial
K512
lutil
3
4 IRREGULAR 0 64 4 4 1 0 0 4201018841 4223175211 none
1
serial
K256
lutil
1
8 STRIDED 0 32 2 2 1 256 0 2054116867 2906827245 full
1
serial
K512
lutil
2
3 STREAMING 0 4 4 2 1 0 0 4173566803 1335388077 full
1
serial
K512
lutil
3
10 STRIDED 0 8 1 4 4 256 0 898536292 853913929 llc
1
serial
K512
lutil
1
2 STREAMING 0 64 2 4 2 0 0 4027615961 3781603337 full
1
serial
K512
lutil
1
5 STREAMING 0 32 4 4 4 0 0 3032084178 3703390035 full
1
serial
K256
lutil
3
6 STRIDED 0 16 2 4 2 512 0 2864962528 1119134034 full
1
serial
K512
lutil
1
0 IRREGULAR 1 8 4 2 4 0 0 2164605059 1993340300 llc
1
serial
K256
lutil
1
9 STREAMING 0 32 2 4 4 0 0 4028736845 2986637053 llc
1
serial
K512
lutil
2
7 STREAMING 0 8 1 1 4 0 0 3603552783 33339855 none
1
serial
K256
lutil
1
1 STREAMING 0 64 1 4 2 0 0 641847207 15026478 none
1
serial
K512
lutil
1
11 IRREGULAR 0 8 4 1 1 0 0 2637774164 3384322529 full
12
1
serial
M2
preferred
2
10 STRIDED 0 8 1 4 4 256 0 628315482 1059208018 llc
1
serial
M2
preferred
3
2 STREAMING 0 64 2 4 2 0 0 3999296164 3717720290 recall
1
serial
M1
preferred
3
8 STRIDED 0 32 2 2 1 256 0 1868888021 4084361872 recall
1
serial
M1
preferred
2
0 IRREGULAR 1 8 4 2 4 0 0 1730686082 1670031652 recall
1
serial
M1
preferred
3
6 STRIDED 0 16 2 4 2 512 0 3118632681 1435614758 recall
1
serial
M4
preferred
2
9 STREAMING 0 32 2 4 4 0 0 2769270913 1010675544 full
1
serial
M1
preferred
3
11 IRREGULAR 0 8 4 1 1 0 0 4243738023 466727252 recall
1
serial
M1
preferred
2
3 STREAMING 0 4 4 2 1 0 0 2729286212 4168175558 full
1
serial
M1
preferred
1
5 STREAMING 0 32 4 4 4 0 0 297383118 623255140 llc
1
serial
M1
preferred
1
1 STREAMING 0 64 1 4 2 0 0 1928725408 3089633115 llc
1
serial
M1
preferred
1
4 IRREGULAR 0 64 4 4 1 0 0 505060498 2965217353 llc
1
serial
M2
preferred
1
7 STREAMING 0 8 1 1 4 0 0 2761872938 935431405 none
12
1
serial
K8
preferred
2
8 STRIDED 0 32 2 2 1 256 0 1927579791 1142016143 none
1
serial
K4
preferred
3
7 STREAMING 0 8 1 1 4 0 0 686104834 3841556076 recall
1
serial
K4
preferred
3
2 STREAMING 0 64 2 4 2 0 0 1052900338 3443984036 none
1
serial
M2
preferred
2
4 IRREGULAR 0 64 4 4 1 0 0 2057794485 3142658587 recall
1
serial
K16
preferred
2
9 STREAMING 0 32 2 4 4 0 0 2808049204 1515921019 full
1
serial
K8
preferred
2
1 STREAMING 0 64 1 4 2 0 0 390632559 4125300886 none
1
serial
K1
preferred
1
6 STRIDED 0 16 2 4 2 512 0 1452997196 3280045445 llc
1
serial
K512
preferred
3
0 IRREGULAR 1 8 4 2 4 0 0 1292218104 2638482327 llc
1
serial
K512
preferred
2
11 IRREGULAR 0 8 4 1 1 0 0 4183750692 779545328 full
1
serial
K8
preferred
2
5 STREAMING 0 32 4 4 4 0 0 3801413189 963915005 recall
1
serial
K16
preferred
3
10 STRIDED 0 8 1 4 4 256 0 1651676460 3682281379 llc
1
serial
K64
preferred
2
3 STREAMING 0 4 4 2 1 0 0 3269677821 8575795 full
